0.0 11.56 1.27 4.66 8.68 1.91 9.32 1.86 1.31 1.04 8.98 5.67 5.67 1.56 5.09 8.87 8.16 8.25 9.34 9.17 8.88 8.88 2.52 10.99 3.06 1.67 5.67 9.53 9.62 9.15 1.31 1.56 1.99 2.94 4.94 7.85 1.27 10.15 3.52 5.01 13.08 1.69 8.37 8.89 2.16 9.41 4.92 3.63 4.95 0.96 1.74 1.47 0.96 1.27 1.27 1.27 1.04 1.31 1.31 1.27 2.9 2.83 1.04 8.25 9.34 12.47 2.83 1.56 0.96 0.96 4.92 5.76 1.56 2.07 1.74 1.04 1.04 10.23 5.99 12.72 10.32 1.74 11.06 11.39 10.32 10.39 9.89 9.89 10.79 9.69 7.42 2.99 2.99 2.99 2.99 2.99 2.99 2.99 2.59 2.59
11.56 0.0 10.29 7.46 3.68 10.1 2.31 10.6 10.45 10.52 8.26 5.89 5.89 10.46 7.42 2.69 3.43 3.32 2.91 2.88 3.13 3.13 11.26 6.75 11.81 10.37 5.89 2.12 2.4 5.64 10.45 10.46 10.02 10.01 7.1 5.83 10.29 3.43 10.84 7.44 2.35 11.17 3.19 6.53 10.71 2.21 7.09 8.79 7.39 10.61 11.23 10.1 10.61 10.29 10.29 10.29 10.52 10.45 10.45 10.29 8.67 9.9 10.52 3.32 2.91 0.91 9.9 10.46 10.61 10.61 7.09 6.26 10.46 10.26 10.28 10.52 10.52 3.35 8.88 1.16 1.62 11.23 5.59 1.38 1.62 3.5 2.03 2.03 5.86 1.99 6.7 10.06 10.06 10.06 10.06 10.06 10.06 10.06 9.66 9.66
1.27 10.29 0.0 3.38 7.42 0.65 8.05 0.6 0.17 0.24 7.72 4.39 4.39 0.29 3.81 7.59 6.89 6.97 8.08 7.91 7.62 7.62 1.26 9.72 1.8 0.39 4.39 8.26 8.34 7.87 0.17 0.29 0.73 1.66 3.67 6.57 0.0 8.88 2.25 3.75 11.8 0.88 7.1 7.62 0.9 8.13 3.66 2.35 3.69 0.32 0.94 0.19 0.32 0.0 0.0 0.0 0.24 0.17 0.17 0.0 1.62 1.56 0.24 6.97 8.08 11.2 1.56 0.29 0.32 0.32 3.66 4.49 0.29 0.8 0.47 0.24 0.24 8.97 4.72 11.44 9.05 0.94 9.79 10.12 9.05 9.12 8.62 8.62 9.52 8.42 6.15 1.72 1.72 1.72 1.72 1.72 1.72 1.72 1.32 1.32
4.66 7.46 3.38 0.0 6.82 4.03 5.22 3.98 3.55 3.62 9.35 1.57 1.57 3.68 1.34 4.77 4.06 4.15 6.04 6.01 6.26 6.26 4.64 8.2 5.18 3.78 1.57 5.43 5.52 6.12 3.55 3.68 4.11 3.1 2.14 4.73 3.38 6.56 5.64 7.13 9.43 4.27 4.28 9.67 4.28 5.31 7.04 2.06 7.07 3.7 4.32 3.19 3.7 3.38 3.38 3.38 3.62 3.55 3.55 3.38 1.76 3.0 3.62 4.15 6.04 8.37 3.0 3.68 3.7 3.7 7.04 7.88 3.68 4.19 3.86 3.62 3.62 6.48 3.92 8.62 6.23 4.32 8.07 7.29 6.23 6.64 5.8 5.8 7.8 5.59 7.78 3.16 3.16 3.16 3.16 3.16 3.16 3.16 2.76 2.76
8.68 3.68 7.42 6.82 0.0 6.77 2.56 7.27 7.58 7.64 7.47 5.24 5.24 7.13 6.78 2.28 2.78 2.67 1.01 0.84 0.55 0.55 7.93 9.79 8.47 7.04 5.24 1.81 1.3 5.24 7.58 7.13 6.69 9.08 6.45 5.18 7.42 1.82 7.51 4.11 6.03 8.29 2.54 3.2 7.38 1.94 3.76 8.14 4.05 7.73 8.34 7.61 7.73 7.42 7.42 7.42 7.64 7.58 7.58 7.42 8.02 8.98 7.64 2.67 1.01 4.59 8.98 7.13 7.73 7.73 3.76 2.93 7.13 6.93 6.94 7.64 7.64 1.9 8.23 4.84 2.36 8.34 8.59 4.29 2.36 2.06 1.66 1.66 8.79 1.93 5.91 9.14 9.14 9.14 9.14 9.14 9.14 9.14 8.73 8.73
1.91 10.1 0.65 4.03 6.77 0.0 8.32 0.5 0.81 0.87 7.09 5.04 5.04 0.35 4.46 7.87 7.53 7.5 7.43 7.26 6.97 6.97 1.16 10.37 1.7 0.27 5.04 8.23 7.71 8.52 0.81 0.35 0.08 2.31 4.31 7.22 0.65 8.24 2.16 3.1 12.45 1.52 7.37 6.98 0.8 8.36 3.01 3.0 3.04 0.95 1.57 0.84 0.95 0.65 0.65 0.65 0.87 0.81 0.81 0.65 2.27 2.2 0.87 7.5 7.43 11.01 2.2 0.35 0.95 0.95 3.01 3.85 0.35 0.16 0.17 0.87 0.87 8.32 5.36 11.26 8.78 1.57 10.43 10.39 8.78 8.48 8.08 8.08 10.17 8.35 5.53 2.37 2.37 2.37 2.37 2.37 2.37 2.37 1.96 1.96
9.32 2.31 8.05 5.22 2.56 8.32 0.0 8.64 8.21 8.28 6.02 3.65 3.65 8.34 5.18 0.45 1.19 1.07 1.78 1.75 2.0 2.0 9.3 8.2 9.85 8.44 3.65 0.74 1.28 3.65 8.21 8.34 8.27 7.77 4.86 3.59 8.05 2.3 9.72 6.32 4.61 8.93 0.95 5.41 8.95 0.62 5.97 6.54 6.26 8.36 8.98 7.85 8.36 8.05 8.05 8.05 8.28 8.21 8.21 8.05 6.42 7.66 8.28 1.07 1.78 3.17 7.66 8.34 8.36 8.36 5.97 5.13 8.34 8.47 8.47 8.28 8.28 2.22 6.63 3.42 1.54 8.98 6.99 2.07 1.54 2.38 1.11 1.11 7.19 0.9 4.45 7.82 7.82 7.82 7.82 7.82 7.82 7.82 7.42 7.42
1.86 10.6 0.6 3.98 7.27 0.5 8.64 0.0 0.76 0.82 7.59 4.99 4.99 0.31 4.41 8.19 7.48 7.57 7.93 7.76 7.47 7.47 0.66 10.32 1.2 0.48 4.99 8.73 8.22 8.47 0.76 0.31 0.58 2.26 4.26 7.17 0.6 8.74 1.66 3.6 12.4 1.47 7.7 7.48 0.3 8.73 3.51 2.95 3.54 0.91 1.52 0.79 0.91 0.6 0.6 0.6 0.82 0.76 0.76 0.6 2.22 2.16 0.82 7.57 7.93 11.51 2.16 0.31 0.91 0.91 3.51 4.35 0.31 0.34 0.41 0.82 0.82 8.82 5.32 11.76 9.28 1.52 10.39 10.71 9.28 8.98 8.58 8.58 10.12 8.85 6.03 2.32 2.32 2.32 2.32 2.32 2.32 2.32 1.91 1.91
1.31 10.45 0.17 3.55 7.58 0.81 8.21 0.76 0.0 0.4 7.88 4.56 4.56 0.46 3.98 7.76 7.05 7.14 8.25 8.08 7.79 7.79 1.42 9.88 1.97 0.56 4.56 8.42 8.51 8.04 0.0 0.46 0.89 1.83 3.83 6.74 0.17 9.05 2.42 3.91 11.96 1.05 7.26 7.79 1.07 8.29 3.82 2.51 3.86 0.35 1.1 0.36 0.35 0.17 0.17 0.17 0.4 0.0 0.0 0.17 1.79 1.72 0.4 7.14 8.25 11.36 1.72 0.46 0.35 0.35 3.82 4.66 0.46 0.97 0.64 0.4 0.4 9.14 4.88 11.61 9.21 1.1 9.95 10.28 9.21 9.29 8.78 8.78 9.68 8.58 6.32 1.88 1.88 1.88 1.88 1.88 1.88 1.88 1.48 1.48
1.04 10.52 0.24 3.62 7.64 0.87 8.28 0.82 0.4 0.0 7.94 4.63 4.63 0.52 4.05 7.83 7.12 7.21 8.3 8.13 7.84 7.84 1.48 9.95 2.02 0.63 4.63 8.49 8.58 8.11 0.4 0.52 0.95 1.9 3.9 6.81 0.24 9.11 2.48 3.97 12.04 0.65 7.33 7.85 1.12 8.37 3.88 2.59 3.91 0.08 0.7 0.43 0.08 0.24 0.24 0.24 0.0 0.4 0.4 0.24 1.86 1.79 0.0 7.21 8.3 11.43 1.79 0.52 0.08 0.08 3.88 4.72 0.52 1.03 0.7 0.0 0.0 9.19 4.95 11.68 9.28 0.7 10.02 10.35 9.28 9.35 8.85 8.85 9.75 8.65 6.38 1.95 1.95 1.95 1.95 1.95 1.95 1.95 1.55 1.55
8.98 8.26 7.72 9.35 7.47 7.09 6.02 7.59 7.88 7.94 0.0 7.78 7.78 7.42 9.31 5.57 5.31 5.2 6.7 6.67 6.92 6.92 8.25 12.32 8.79 7.33 7.78 6.23 6.18 7.77 7.88 7.42 7.04 9.38 8.98 7.71 7.72 7.22 9.25 10.07 10.61 8.59 5.07 10.32 7.89 6.1 9.97 10.07 10.01 8.02 8.64 7.91 8.02 7.72 7.72 7.72 7.94 7.88 7.88 7.72 9.34 9.27 7.94 5.2 6.7 9.17 9.27 7.42 8.02 8.02 9.97 10.05 7.42 7.25 7.24 7.94 7.94 7.14 10.76 9.42 7.02 8.64 11.12 8.09 7.02 7.29 6.56 6.56 11.32 6.39 1.56 9.43 9.43 9.43 9.43 9.43 9.43 9.43 9.03 9.03
5.67 5.89 4.39 1.57 5.24 5.04 3.65 4.99 4.56 4.63 7.78 0.0 0.0 4.69 1.53 3.2 2.49 2.58 4.47 4.44 4.69 4.69 5.65 7.26 6.2 4.79 0.0 3.86 3.95 4.55 4.56 4.69 5.12 4.12 1.21 3.16 4.39 4.99 6.65 8.14 7.85 5.28 2.7 8.1 5.3 3.74 8.05 2.89 8.09 4.71 5.33 4.2 4.71 4.39 4.39 4.39 4.63 4.56 4.56 4.39 2.77 4.01 4.63 2.58 4.47 6.8 4.01 4.69 4.71 4.71 8.05 7.82 4.69 5.2 4.87 4.63 4.63 4.91 2.98 7.05 4.65 5.33 6.5 5.72 4.65 5.07 4.22 4.22 6.23 4.02 6.21 4.17 4.17 4.17 4.17 4.17 4.17 4.17 3.77 3.77
5.67 5.89 4.39 1.57 5.24 5.04 3.65 4.99 4.56 4.63 7.78 0.0 0.0 4.69 1.53 3.2 2.49 2.58 4.47 4.44 4.69 4.69 5.65 7.26 6.2 4.79 0.0 3.86 3.95 4.55 4.56 4.69 5.12 4.12 1.21 3.16 4.39 4.99 6.65 8.14 7.85 5.28 2.7 8.1 5.3 3.74 8.05 2.89 8.09 4.71 5.33 4.2 4.71 4.39 4.39 4.39 4.63 4.56 4.56 4.39 2.77 4.01 4.63 2.58 4.47 6.8 4.01 4.69 4.71 4.71 8.05 7.82 4.69 5.2 4.87 4.63 4.63 4.91 2.98 7.05 4.65 5.33 6.5 5.72 4.65 5.07 4.22 4.22 6.23 4.02 6.21 4.17 4.17 4.17 4.17 4.17 4.17 4.17 3.77 3.77
1.56 10.46 0.29 3.68 7.13 0.35 8.34 0.31 0.46 0.52 7.42 4.69 4.69 0.0 4.1 7.89 7.18 7.26 7.79 7.62 7.33 7.33 0.97 10.01 1.51 0.17 4.69 8.55 8.07 8.16 0.46 0.0 0.43 1.96 3.96 6.86 0.29 8.59 1.96 3.46 12.09 1.16 7.39 7.33 0.61 8.42 3.36 2.64 3.4 0.6 1.22 0.48 0.6 0.29 0.29 0.29 0.52 0.46 0.46 0.29 1.91 1.85 0.52 7.26 7.79 11.37 1.85 0.0 0.6 0.6 3.36 4.2 0.0 0.51 0.18 0.52 0.52 8.68 5.01 11.62 9.13 1.22 10.08 10.41 9.13 8.83 8.43 8.43 9.81 8.71 5.86 2.01 2.01 2.01 2.01 2.01 2.01 2.01 1.61 1.61
5.09 7.42 3.81 1.34 6.78 4.46 5.18 4.41 3.98 4.05 9.31 1.53 1.53 4.1 0.0 4.73 4.02 4.11 6.0 5.97 6.22 6.22 5.07 7.24 5.61 4.21 1.53 5.39 5.48 5.39 3.98 4.1 4.54 3.53 1.19 4.09 3.81 6.52 6.07 7.56 9.32 4.69 4.24 9.63 4.71 5.27 7.47 2.37 7.5 4.13 4.75 3.62 4.13 3.81 3.81 3.81 4.05 3.98 3.98 3.81 2.19 3.42 4.05 4.11 6.0 8.33 3.42 4.1 4.13 4.13 7.47 8.3 4.1 4.62 4.29 4.05 4.05 6.44 2.96 8.58 6.19 4.75 7.31 7.25 6.19 6.6 5.75 5.75 7.04 5.55 7.74 3.59 3.59 3.59 3.59 3.59 3.59 3.59 3.18 3.18
8.87 2.69 7.59 4.77 2.28 7.87 0.45 8.19 7.76 7.83 5.57 3.2 3.2 7.89 4.73 0.0 0.73 0.62 1.5 1.47 1.72 1.72 8.85 7.74 9.39 7.99 3.2 0.66 0.98 3.2 7.76 7.89 7.82 7.31 4.41 3.14 7.59 2.02 9.44 6.04 5.04 8.48 0.49 5.13 8.49 0.54 5.69 6.09 5.98 7.91 8.53 7.4 7.91 7.59 7.59 7.59 7.83 7.76 7.76 7.59 5.97 7.21 7.83 0.62 1.5 3.6 7.21 7.89 7.91 7.91 5.69 4.85 7.89 8.02 8.02 7.83 7.83 1.94 6.18 3.85 1.46 8.53 6.54 2.52 1.46 2.1 1.03 1.03 6.74 0.82 4.0 7.37 7.37 7.37 7.37 7.37 7.37 7.37 6.97 6.97
8.16 3.43 6.89 4.06 2.78 7.53 1.19 7.48 7.05 7.12 5.31 2.49 2.49 7.18 4.02 0.73 0.0 0.11 2.0 1.98 2.23 2.23 8.14 7.07 8.69 7.28 2.49 1.4 1.49 2.49 7.05 7.18 7.56 6.61 3.7 2.43 6.89 2.53 9.14 6.54 5.45 7.77 0.24 5.63 7.79 1.27 6.19 5.39 6.48 7.2 7.82 6.69 7.2 6.89 6.89 6.89 7.12 7.05 7.05 6.89 5.26 6.5 7.12 0.11 2.0 4.34 6.5 7.18 7.2 7.2 6.19 5.35 7.18 7.69 7.36 7.12 7.12 2.45 5.47 4.59 2.19 7.82 5.87 3.26 2.19 2.6 1.76 1.76 6.03 1.56 3.75 6.66 6.66 6.66 6.66 6.66 6.66 6.66 6.26 6.26
8.25 3.32 6.97 4.15 2.67 7.5 1.07 7.57 7.14 7.21 5.2 2.58 2.58 7.26 4.11 0.62 0.11 0.0 1.89 1.86 2.11 2.11 8.23 7.12 8.77 7.36 2.58 1.29 1.37 2.58 7.14 7.26 7.45 6.69 3.78 2.51 6.97 2.41 9.22 6.43 5.5 7.85 0.13 5.52 7.87 1.16 6.08 5.47 6.37 7.29 7.91 6.78 7.29 6.97 6.97 6.97 7.21 7.14 7.13 6.97 5.35 6.58 7.21 0.0 1.89 4.22 6.58 7.26 7.29 7.29 6.08 5.24 7.26 7.66 7.45 7.21 7.21 2.34 5.56 4.47 2.08 7.91 5.92 3.15 2.08 2.49 1.65 1.65 6.12 1.44 3.64 6.75 6.75 6.75 6.75 6.75 6.75 6.75 6.34 6.34
9.34 2.91 8.08 6.04 1.01 7.43 1.78 7.93 8.25 8.3 6.7 4.47 4.47 7.79 6.0 1.5 2.0 1.89 0.0 0.17 0.46 0.46 8.6 9.01 9.14 7.7 4.47 1.04 0.52 4.47 8.25 7.79 7.35 8.58 5.67 4.4 8.08 1.28 8.18 4.77 5.25 8.95 1.76 3.86 8.04 1.16 4.42 7.36 4.72 8.39 9.01 8.27 8.39 8.08 8.08 8.08 8.3 8.25 8.25 8.08 7.24 8.48 8.3 1.89 0.0 3.81 8.48 7.79 8.39 8.39 4.42 3.59 7.79 7.59 7.61 8.3 8.3 1.23 7.45 4.06 1.58 9.01 7.81 3.52 1.58 1.39 0.88 0.88 8.01 1.15 5.13 8.64 8.64 8.64 8.64 8.64 8.64 8.64 8.23 8.23
9.17 2.88 7.91 6.01 0.84 7.26 1.75 7.76 8.08 8.13 6.67 4.44 4.44 7.62 5.97 1.47 1.98 1.86 0.17 0.0 0.29 0.29 8.42 8.99 8.97 7.53 4.44 1.01 0.49 4.44 8.08 7.62 7.18 8.56 5.65 4.38 7.91 1.25 8.0 4.6 5.23 8.78 1.74 3.69 7.87 1.13 4.25 7.33 4.55 8.22 8.84 8.1 8.22 7.91 7.91 7.91 8.13 8.08 8.08 7.91 7.21 8.45 8.13 1.86 0.17 3.79 8.45 7.62 8.22 8.22 4.25 3.42 7.62 7.42 7.44 8.13 8.13 1.21 7.42 4.04 1.56 8.84 7.78 3.49 1.56 1.36 0.85 0.85 7.98 1.13 5.1 8.61 8.61 8.61 8.61 8.61 8.61 8.61 8.21 8.21
8.88 3.13 7.62 6.26 0.55 6.97 2.0 7.47 7.79 7.84 6.92 4.69 4.69 7.33 6.22 1.72 2.23 2.11 0.46 0.29 0.0 0.0 8.14 9.24 8.68 7.24 4.69 1.26 0.74 4.69 7.79 7.33 6.89 8.81 5.9 4.63 7.62 1.26 7.72 4.31 5.48 8.49 1.99 3.41 7.58 1.38 3.96 7.58 4.26 7.93 8.55 7.81 7.93 7.62 7.62 7.62 7.84 7.79 7.79 7.62 7.46 8.7 7.84 2.11 0.46 4.04 8.7 7.33 7.93 7.93 3.96 3.13 7.33 7.13 7.15 7.84 7.84 1.35 7.67 4.29 1.81 8.55 8.03 3.74 1.81 1.5 1.1 1.1 8.23 1.38 5.35 8.86 8.86 8.86 8.86 8.86 8.86 8.86 8.46 8.46
8.88 3.13 7.62 6.26 0.55 6.97 2.0 7.47 7.79 7.84 6.92 4.69 4.69 7.33 6.22 1.72 2.23 2.11 0.46 0.29 0.0 0.0 8.14 9.24 8.68 7.24 4.69 1.26 0.74 4.69 7.79 7.33 6.89 8.81 5.9 4.63 7.62 1.26 7.72 4.31 5.48 8.49 1.99 3.41 7.58 1.38 3.96 7.58 4.26 7.93 8.55 7.81 7.93 7.62 7.62 7.62 7.84 7.79 7.79 7.62 7.46 8.7 7.84 2.11 0.46 4.04 8.7 7.33 7.93 7.93 3.96 3.13 7.33 7.13 7.15 7.84 7.84 1.35 7.67 4.29 1.81 8.55 8.03 3.74 1.81 1.5 1.1 1.1 8.23 1.38 5.35 8.86 8.86 8.86 8.86 8.86 8.86 8.86 8.46 8.46
2.52 11.26 1.26 4.64 7.93 1.16 9.3 0.66 1.42 1.48 8.25 5.65 5.65 0.97 5.07 8.85 8.14 8.23 8.6 8.42 8.14 8.14 0.0 10.98 0.56 1.14 5.65 9.39 8.88 9.13 1.42 0.97 1.24 2.92 4.92 7.83 1.26 9.4 1.0 4.26 13.06 2.13 8.36 8.14 0.58 9.39 4.17 3.61 4.2 1.57 2.18 1.45 1.57 1.26 1.26 1.26 1.48 1.42 1.42 1.26 2.88 2.82 1.48 8.23 8.6 12.17 2.82 0.97 1.57 1.57 4.17 5.01 0.97 1.0 1.07 1.48 1.48 9.48 5.98 12.42 9.94 2.18 11.05 11.38 9.94 9.64 9.24 9.24 10.78 9.51 6.69 2.98 2.98 2.98 2.98 2.98 2.98 2.98 2.57 2.57
10.99 6.75 9.72 8.2 9.79 10.37 8.2 10.32 9.88 9.95 12.32 7.26 7.26 10.01 7.24 7.74 7.07 7.12 9.01 8.99 9.24 9.24 10.98 0.0 11.52 10.11 7.26 8.41 8.5 5.0 9.88 10.01 10.45 9.44 6.05 7.43 9.72 9.54 11.97 13.47 4.4 10.6 7.25 12.64 10.62 8.28 13.2 8.22 13.41 10.04 10.66 9.53 10.04 9.72 9.72 9.72 9.95 9.88 9.88 9.72 8.1 9.33 9.95 7.12 9.01 5.84 9.33 10.01 10.04 10.04 13.2 12.36 10.01 10.52 10.19 9.95 9.95 9.46 6.04 5.59 8.37 10.66 1.39 7.57 8.37 9.61 8.77 8.77 1.46 8.57 10.76 9.49 9.49 9.49 9.49 9.49 9.49 9.49 9.09 9.09
3.06 11.81 1.8 5.18 8.47 1.7 9.85 1.2 1.97 2.02 8.79 6.2 6.2 1.51 5.61 9.39 8.69 8.77 9.14 8.97 8.68 8.68 0.56 11.52 0.0 1.68 6.2 9.94 9.42 9.67 1.97 1.51 1.78 3.46 5.47 8.37 1.8 9.94 1.56 4.8 13.6 2.3 8.9 8.68 1.13 9.93 4.71 4.15 4.75 2.11 2.36 1.99 2.11 1.8 1.8 1.8 2.02 1.97 1.97 1.8 3.42 3.36 2.02 8.77 9.14 12.71 3.36 1.51 2.11 2.11 4.71 5.55 1.51 1.55 1.61 2.02 2.02 10.03 6.52 12.96 10.48 2.36 11.59 11.92 10.48 10.18 9.78 9.78 11.32 10.05 7.23 3.52 3.52 3.52 3.52 3.52 3.52 3.52 3.12 3.12
1.67 10.37 0.39 3.78 7.04 0.27 8.44 0.48 0.56 0.63 7.33 4.79 4.79 0.17 4.21 7.99 7.28 7.36 7.7 7.53 7.24 7.24 1.14 10.11 1.68 0.0 4.79 8.5 7.98 8.27 0.56 0.17 0.34 2.06 4.06 6.97 0.39 8.5 2.13 3.37 12.19 1.28 7.49 7.24 0.78 8.52 3.27 2.74 3.31 0.71 1.33 0.59 0.71 0.39 0.39 0.39 0.63 0.56 0.56 0.39 2.02 1.95 0.63 7.36 7.7 11.28 1.95 0.17 0.71 0.71 3.27 4.11 0.17 0.42 0.09 0.63 0.63 8.59 5.11 11.53 9.05 1.33 10.18 10.51 9.05 8.74 8.34 8.34 9.91 8.62 5.77 2.11 2.11 2.11 2.11 2.11 2.11 2.11 1.71 1.71
5.67 5.89 4.39 1.57 5.24 5.04 3.65 4.99 4.56 4.63 7.78 0.0 0.0 4.69 1.53 3.2 2.49 2.58 4.47 4.44 4.69 4.69 5.65 7.26 6.2 4.79 0.0 3.86 3.95 4.55 4.56 4.69 5.12 4.12 1.21 3.16 4.39 4.99 6.65 8.14 7.85 5.28 2.7 8.1 5.3 3.74 8.05 2.89 8.09 4.71 5.33 4.2 4.71 4.39 4.39 4.39 4.63 4.56 4.56 4.39 2.77 4.01 4.63 2.58 4.47 6.8 4.01 4.69 4.71 4.71 8.05 7.82 4.69 5.2 4.87 4.63 4.63 4.91 2.98 7.05 4.65 5.33 6.5 5.72 4.65 5.07 4.22 4.22 6.23 4.02 6.21 4.17 4.17 4.17 4.17 4.17 4.17 4.17 3.77 3.77
9.53 2.12 8.26 5.43 1.81 8.23 0.74 8.73 8.42 8.49 6.23 3.86 3.86 8.55 5.39 0.66 1.4 1.29 1.04 1.01 1.26 1.26 9.39 8.41 9.94 8.5 3.86 0.0 0.53 3.86 8.42 8.55 8.15 7.98 5.07 3.8 8.26 1.56 8.97 5.57 4.46 9.14 1.16 4.66 8.84 0.13 5.22 6.76 5.51 8.58 9.19 8.06 8.58 8.26 8.26 8.26 8.49 8.42 8.42 8.26 6.64 7.87 8.49 1.29 1.04 3.02 7.87 8.55 8.58 8.58 5.22 4.39 8.55 8.39 8.41 8.49 8.49 1.48 6.84 3.27 0.79 9.19 7.2 2.48 0.79 1.63 0.36 0.36 7.4 0.16 4.67 8.03 8.03 8.03 8.03 8.03 8.03 8.03 7.63 7.63
9.62 2.4 8.34 5.52 1.3 7.71 1.28 8.22 8.51 8.58 6.18 3.95 3.95 8.07 5.48 0.98 1.49 1.37 0.52 0.49 0.74 0.74 8.88 8.5 9.42 7.98 3.95 0.53 0.0 3.95 8.51 8.07 7.64 8.07 5.16 3.89 8.34 1.04 8.46 5.06 4.75 9.23 1.25 4.15 8.32 0.66 4.71 6.84 5.0 8.66 9.28 8.15 8.66 8.34 8.34 8.34 8.58 8.51 8.51 8.34 6.72 7.96 8.58 1.37 0.52 3.31 7.96 8.07 8.66 8.66 4.71 3.87 8.07 7.87 7.89 8.58 8.58 0.96 6.93 3.56 1.08 9.28 7.29 3.01 1.08 1.12 0.38 0.38 7.49 0.65 4.61 8.12 8.12 8.12 8.12 8.12 8.12 8.12 7.72 7.72
9.15 5.64 7.87 6.12 5.24 8.52 3.65 8.47 8.04 8.11 7.77 4.55 4.55 8.16 5.39 3.2 2.49 2.58 4.47 4.44 4.69 4.69 9.13 5.0 9.67 8.27 4.55 3.86 3.95 0.0 8.04 8.16 8.6 7.59 4.22 4.15 7.87 4.99 10.13 9.0 3.93 8.75 2.7 8.09 8.77 3.73 8.65 6.37 8.95 8.19 8.81 7.68 8.19 7.87 7.87 7.87 8.11 8.04 8.04 7.87 6.25 7.49 8.11 2.58 4.47 5.37 7.49 8.16 8.19 8.19 8.65 7.82 8.16 8.68 8.35 8.11 8.11 4.91 5.74 5.12 4.65 8.81 3.81 5.0 4.65 5.06 4.22 4.22 3.54 4.02 6.21 7.65 7.65 7.65 7.65 7.65 7.65 7.65 7.24 7.24
1.31 10.45 0.17 3.55 7.58 0.81 8.21 0.76 0.0 0.4 7.88 4.56 4.56 0.46 3.98 7.76 7.05 7.14 8.25 8.08 7.79 7.79 1.42 9.88 1.97 0.56 4.56 8.42 8.51 8.04 0.0 0.46 0.89 1.83 3.83 6.74 0.17 9.05 2.42 3.91 11.96 1.05 7.26 7.79 1.07 8.29 3.82 2.51 3.86 0.35 1.1 0.36 0.35 0.17 0.17 0.17 0.4 0.0 0.0 0.17 1.79 1.72 0.4 7.14 8.25 11.36 1.72 0.46 0.35 0.35 3.82 4.66 0.46 0.97 0.64 0.4 0.4 9.14 4.88 11.61 9.21 1.1 9.95 10.28 9.21 9.29 8.78 8.78 9.68 8.58 6.32 1.88 1.88 1.88 1.88 1.88 1.88 1.88 1.48 1.48
1.56 10.46 0.29 3.68 7.13 0.35 8.34 0.31 0.46 0.52 7.42 4.69 4.69 0.0 4.1 7.89 7.18 7.26 7.79 7.62 7.33 7.33 0.97 10.01 1.51 0.17 4.69 8.55 8.07 8.16 0.46 0.0 0.43 1.96 3.96 6.86 0.29 8.59 1.96 3.46 12.09 1.16 7.39 7.33 0.61 8.42 3.36 2.64 3.4 0.6 1.22 0.48 0.6 0.29 0.29 0.29 0.52 0.46 0.46 0.29 1.91 1.85 0.52 7.26 7.79 11.37 1.85 0.0 0.6 0.6 3.36 4.2 0.0 0.51 0.18 0.52 0.52 8.68 5.01 11.62 9.13 1.22 10.08 10.41 9.13 8.83 8.43 8.43 9.81 8.71 5.86 2.01 2.01 2.01 2.01 2.01 2.01 2.01 1.61 1.61
1.99 10.02 0.73 4.11 6.69 0.08 8.27 0.58 0.89 0.95 7.04 5.12 5.12 0.43 4.54 7.82 7.56 7.45 7.35 7.18 6.89 6.89 1.24 10.45 1.78 0.34 5.12 8.15 7.64 8.6 0.89 0.43 0.0 2.39 4.39 7.3 0.73 8.16 2.24 3.02 12.37 1.6 7.32 6.9 0.88 8.28 2.93 3.08 2.96 1.03 1.65 0.92 1.03 0.73 0.73 0.73 0.95 0.89 0.89 0.73 2.35 2.28 0.95 7.45 7.35 10.93 2.28 0.43 1.03 1.03 2.93 3.77 0.43 0.24 0.25 0.95 0.95 8.24 5.44 11.18 8.7 1.65 10.51 10.34 8.7 8.4 8.0 8.0 10.24 8.27 5.48 2.44 2.44 2.44 2.44 2.44 2.44 2.44 2.04 2.04
2.94 10.01 1.66 3.1 9.08 2.31 7.77 2.26 1.83 1.9 9.38 4.12 4.12 1.96 3.53 7.31 6.61 6.69 8.58 8.56 8.81 8.81 2.92 9.44 3.46 2.06 4.12 7.98 8.07 7.59 1.83 1.96 2.39 0.0 3.39 6.29 1.66 9.11 3.92 5.41 11.52 2.55 6.82 9.29 2.56 7.85 5.32 2.07 5.35 1.98 2.6 1.47 1.98 1.66 1.66 1.66 1.9 1.83 1.83 1.66 1.34 0.44 1.9 6.69 8.58 10.92 0.44 1.96 1.98 1.98 5.32 6.16 1.96 2.47 2.14 1.9 1.9 9.03 4.44 11.17 8.77 2.6 9.51 9.84 8.77 9.18 8.34 8.34 9.24 8.14 7.82 0.75 0.75 0.75 0.75 0.75 0.75 0.75 0.35 0.35
4.94 7.1 3.67 2.14 6.45 4.31 4.86 4.26 3.83 3.9 8.98 1.21 1.21 3.96 1.19 4.41 3.7 3.78 5.67 5.65 5.9 5.9 4.92 6.05 5.47 4.06 1.21 5.07 5.16 4.22 3.83 3.96 4.39 3.39 0.0 2.98 3.67 6.2 5.92 7.41 8.14 4.55 3.91 9.3 4.57 4.94 7.32 2.17 7.36 3.98 4.6 3.47 3.98 3.67 3.67 3.67 3.9 3.83 3.83 3.67 2.04 3.28 3.9 3.78 5.67 8.01 3.28 3.96 3.98 3.98 7.32 8.16 3.96 4.47 4.14 3.9 3.9 6.12 1.78 8.26 5.86 4.6 6.13 6.93 5.86 6.27 5.43 5.43 5.86 5.23 7.42 3.44 3.44 3.44 3.44 3.44 3.44 3.44 3.04 3.04
7.85 5.83 6.57 4.73 5.18 7.22 3.59 7.17 6.74 6.81 7.71 3.16 3.16 6.86 4.09 3.14 2.43 2.51 4.4 4.38 4.63 4.63 7.83 7.43 8.37 6.97 3.16 3.8 3.89 4.15 6.74 6.86 7.3 6.29 2.98 0.0 6.57 4.93 8.83 8.94 7.74 7.45 2.64 8.03 7.47 3.67 8.59 5.07 8.88 6.89 7.51 6.38 6.89 6.57 6.57 6.57 6.81 6.74 6.74 6.57 4.95 6.19 6.81 2.51 4.4 6.74 6.19 6.86 6.89 6.89 8.59 7.76 6.86 7.38 7.05 6.81 6.81 4.85 4.75 6.99 4.59 7.51 6.24 5.66 4.59 5.0 4.16 4.16 5.97 3.96 6.15 6.35 6.35 6.35 6.35 6.35 6.35 6.35 5.94 5.94
1.27 10.29 0.0 3.38 7.42 0.65 8.05 0.6 0.17 0.24 7.72 4.39 4.39 0.29 3.81 7.59 6.89 6.97 8.08 7.91 7.62 7.62 1.26 9.72 1.8 0.39 4.39 8.26 8.34 7.87 0.17 0.29 0.73 1.66 3.67 6.57 0.0 8.88 2.25 3.75 11.8 0.88 7.1 7.62 0.9 8.13 3.66 2.35 3.69 0.32 0.94 0.19 0.32 0.0 0.0 0.0 0.24 0.17 0.17 0.0 1.62 1.56 0.24 6.97 8.08 11.2 1.56 0.29 0.32 0.32 3.66 4.49 0.29 0.8 0.47 0.24 0.24 8.97 4.72 11.44 9.05 0.94 9.79 10.12 9.05 9.12 8.62 8.62 9.52 8.42 6.15 1.72 1.72 1.72 1.72 1.72 1.72 1.72 1.32 1.32
10.15 3.43 8.88 6.56 1.82 8.24 2.3 8.74 9.05 9.11 7.22 4.99 4.99 8.59 6.52 2.02 2.53 2.41 1.28 1.25 1.26 1.26 9.4 9.54 9.94 8.5 4.99 1.56 1.04 4.99 9.05 8.59 8.16 9.11 6.2 4.93 8.88 0.0 8.98 5.58 5.78 9.75 2.29 4.67 8.84 1.68 5.23 7.88 5.52 9.19 9.81 9.08 9.19 8.88 8.88 8.88 9.11 9.05 9.05 8.88 7.76 9.0 9.11 2.41 1.28 4.34 9.0 8.59 9.19 9.19 5.23 4.39 8.59 8.39 8.41 9.11 9.11 0.13 7.97 4.59 2.11 9.81 8.33 4.04 2.11 0.29 1.4 1.4 8.53 1.68 5.65 9.16 9.16 9.16 9.16 9.16 9.16 9.16 8.76 8.76
3.52 10.84 2.25 5.64 7.51 2.16 9.72 1.66 2.42 2.48 9.25 6.65 6.65 1.96 6.07 9.44 9.14 9.22 8.18 8.0 7.72 7.72 1.0 11.97 1.56 2.13 6.65 8.97 8.46 10.13 2.42 1.96 2.24 3.92 5.92 8.83 2.25 8.98 0.0 3.84 13.19 3.12 9.35 7.72 1.58 9.1 3.75 4.6 3.78 2.56 3.18 2.45 2.56 2.25 2.25 2.25 2.48 2.42 2.42 2.25 3.88 3.81 2.48 9.22 8.18 11.75 3.81 1.96 2.56 2.56 3.75 4.59 1.96 2.0 2.07 2.48 2.48 9.06 6.97 12.0 9.52 3.18 12.04 11.45 9.52 9.22 8.82 8.82 11.77 9.09 7.68 3.97 3.97 3.97 3.97 3.97 3.97 3.97 3.57 3.57
5.01 7.44 3.75 7.13 4.11 3.1 6.32 3.6 3.91 3.97 10.07 8.14 8.14 3.46 7.56 6.04 6.54 6.43 4.77 4.6 4.31 4.31 4.26 13.47 4.8 3.37 8.14 5.57 5.06 9.0 3.91 3.46 3.02 5.41 7.41 8.94 3.75 5.58 3.84 0.0 9.79 4.62 6.3 4.32 3.71 5.7 0.35 6.1 0.06 4.06 4.67 3.94 4.06 3.75 3.75 3.75 3.97 3.91 3.91 3.75 5.37 5.31 3.97 6.43 4.77 8.35 5.31 3.46 4.06 4.06 0.35 1.19 3.46 3.26 3.27 3.97 3.97 5.66 8.47 8.6 6.12 4.67 12.35 8.05 6.12 5.82 5.42 5.42 12.55 5.69 8.5 5.47 5.47 5.47 5.47 5.47 5.47 5.47 5.06 5.06
13.08 2.35 11.8 9.43 6.03 12.45 4.61 12.4 11.96 12.04 10.61 7.85 7.85 12.09 9.32 5.04 5.45 5.5 5.25 5.23 5.48 5.48 13.06 4.4 13.6 12.19 7.85 4.46 4.75 3.93 11.96 12.09 12.37 11.52 8.14 7.74 11.8 5.78 13.19 9.79 0.0 12.68 5.54 8.88 12.7 4.56 9.44 10.3 9.73 12.12 12.74 11.61 12.12 11.8 11.8 11.8 12.04 11.96 11.96 11.8 10.18 11.41 12.04 5.5 5.25 1.44 11.41 12.09 12.12 12.12 9.44 8.61 12.09 12.6 12.27 12.04 12.04 5.7 9.67 1.19 3.97 12.74 3.25 3.17 3.97 5.85 4.37 4.37 3.52 4.34 9.04 11.58 11.58 11.58 11.58 11.58 11.58 11.58 11.17 11.17
1.69 11.17 0.88 4.27 8.29 1.52 8.93 1.47 1.05 0.65 8.59 5.28 5.28 1.16 4.69 8.48 7.77 7.85 8.95 8.78 8.49 8.49 2.13 10.6 2.3 1.28 5.28 9.14 9.23 8.75 1.05 1.16 1.6 2.55 4.55 7.45 0.88 9.75 3.12 4.62 12.68 0.0 7.98 8.49 1.77 9.01 4.53 3.23 4.56 0.73 0.06 1.07 0.73 0.88 0.88 0.88 0.65 1.05 1.05 0.88 2.5 2.44 0.65 7.85 8.95 12.08 2.44 1.16 0.73 0.73 4.53 5.36 1.16 1.67 1.34 0.65 0.65 9.84 5.6 12.33 9.93 0.06 10.67 11.0 9.93 9.99 9.5 9.5 10.4 9.3 7.02 2.6 2.6 2.6 2.6 2.6 2.6 2.6 2.2 2.2
8.37 3.19 7.1 4.28 2.54 7.37 0.95 7.7 7.26 7.33 5.07 2.7 2.7 7.39 4.24 0.49 0.24 0.13 1.76 1.74 1.99 1.99 8.36 7.25 8.9 7.49 2.7 1.16 1.25 2.7 7.26 7.39 7.32 6.82 3.91 2.64 7.1 2.29 9.35 6.3 5.54 7.98 0.0 5.39 8.0 1.03 5.95 5.6 6.24 7.42 8.04 6.91 7.42 7.1 7.1 7.1 7.33 7.26 7.26 7.1 5.48 6.71 7.33 0.13 1.76 4.1 6.71 7.39 7.42 7.42 5.95 5.11 7.39 7.53 7.52 7.33 7.33 2.21 5.69 4.35 1.95 8.04 6.05 3.02 1.95 2.36 1.52 1.52 6.25 1.32 3.51 6.87 6.87 6.87 6.87 6.87 6.87 6.87 6.47 6.47
8.89 6.53 7.62 9.67 3.2 6.98 5.41 7.48 7.79 7.85 10.32 8.1 8.1 7.33 9.63 5.13 5.63 5.52 3.86 3.69 3.41 3.41 8.14 12.64 8.68 7.24 8.1 4.66 4.15 8.09 7.79 7.33 6.9 9.29 9.3 8.03 7.62 4.67 7.72 4.32 8.88 8.49 5.39 0.0 7.58 4.79 3.97 9.97 4.26 7.93 8.55 7.82 7.93 7.62 7.62 7.62 7.85 7.79 7.79 7.62 9.24 9.18 7.85 5.52 3.86 7.44 9.18 7.33 7.93 7.93 3.97 3.13 7.33 7.13 7.15 7.85 7.85 4.75 11.08 7.69 5.21 8.55 11.44 7.14 5.21 4.91 4.51 4.51 11.64 4.78 8.76 9.34 9.34 9.34 9.34 9.34 9.34 9.34 8.94 8.94
2.16 10.71 0.9 4.28 7.38 0.8 8.95 0.3 1.07 1.12 7.89 5.3 5.3 0.61 4.71 8.49 7.79 7.87 8.04 7.87 7.58 7.58 0.58 10.62 1.13 0.78 5.3 8.84 8.32 8.77 1.07 0.61 0.88 2.56 4.57 7.47 0.9 8.84 1.58 3.71 12.7 1.77 8.0 7.58 0.0 8.97 3.62 3.25 3.65 1.21 1.83 1.09 1.21 0.9 0.9 0.9 1.12 1.07 1.07 0.9 2.52 2.46 1.12 7.87 8.04 11.62 2.46 0.61 1.21 1.21 3.62 4.45 0.61 0.65 0.71 1.12 1.12 8.93 5.62 11.87 9.39 1.83 10.69 11.02 9.39 9.08 8.68 8.68 10.42 8.96 6.33 2.62 2.62 2.62 2.62 2.62 2.62 2.62 2.22 2.22
9.41 2.21 8.13 5.31 1.94 8.36 0.62 8.73 8.29 8.37 6.1 3.74 3.74 8.42 5.27 0.54 1.27 1.16 1.16 1.13 1.38 1.38 9.39 8.28 9.93 8.52 3.74 0.13 0.66 3.73 8.29 8.42 8.28 7.85 4.94 3.67 8.13 1.68 9.1 5.7 4.56 9.01 1.03 4.79 8.97 0.0 5.35 6.63 5.64 8.45 9.07 7.94 8.45 8.13 8.13 8.13 8.37 8.29 8.29 8.13 6.51 7.74 8.37 1.16 1.16 3.12 7.74 8.42 8.45 8.45 5.35 4.51 8.42 8.52 8.53 8.37 8.37 1.61 6.72 3.37 0.92 9.07 7.08 2.35 0.92 1.76 0.49 0.49 7.28 0.29 4.54 7.9 7.9 7.9 7.91 7.91 7.9 7.91 7.5 7.5
4.92 7.09 3.66 7.04 3.76 3.01 5.97 3.51 3.82 3.88 9.97 8.05 8.05 3.36 7.47 5.69 6.19 6.08 4.42 4.25 3.96 3.96 4.17 13.2 4.71 3.27 8.05 5.22 4.71 8.65 3.82 3.36 2.93 5.32 7.32 8.59 3.66 5.23 3.75 0.35 9.44 4.53 5.95 3.97 3.62 5.35 0.0 6.01 0.29 3.96 4.58 3.85 3.96 3.66 3.66 3.66 3.88 3.82 3.82 3.66 5.28 5.21 3.88 6.08 4.42 8.0 5.21 3.36 3.96 3.96 0.0 0.84 3.36 3.17 3.18 3.88 3.88 5.31 8.37 8.25 5.77 4.58 12.0 7.7 5.77 5.47 5.07 5.07 12.2 5.34 8.41 5.37 5.37 5.37 5.37 5.37 5.37 5.37 4.97 4.97
3.63 8.79 2.35 2.06 8.14 3.0 6.54 2.95 2.51 2.59 10.07 2.89 2.89 2.64 2.37 6.09 5.39 5.47 7.36 7.33 7.58 7.58 3.61 8.22 4.15 2.74 2.89 6.76 6.84 6.37 2.51 2.64 3.08 2.07 2.17 5.07 2.35 7.88 4.6 6.1 10.3 3.23 5.6 9.97 3.25 6.63 6.01 0.0 6.04 2.67 3.29 2.16 2.67 2.35 2.35 2.35 2.59 2.51 2.51 2.35 0.73 1.96 2.59 5.47 7.36 9.7 1.96 2.64 2.67 2.67 6.01 6.84 2.64 3.15 2.82 2.59 2.59 7.81 3.2 9.94 7.55 3.29 8.29 8.62 7.55 7.96 7.12 7.12 8.02 6.92 8.5 2.13 2.13 2.13 2.13 2.13 2.13 2.13 1.72 1.72
4.95 7.39 3.69 7.07 4.05 3.04 6.26 3.54 3.86 3.91 10.01 8.09 8.09 3.4 7.5 5.98 6.48 6.37 4.72 4.55 4.26 4.26 4.2 13.41 4.75 3.31 8.09 5.51 5.0 8.95 3.86 3.4 2.96 5.35 7.36 8.88 3.69 5.52 3.78 0.06 9.73 4.56 6.24 4.26 3.65 5.64 0.29 6.04 0.0 4.0 4.62 3.88 4.0 3.69 3.69 3.69 3.91 3.86 3.86 3.69 5.31 5.25 3.91 6.37 4.72 8.29 5.25 3.4 4.0 4.0 0.29 1.13 3.4 3.2 3.22 3.91 3.91 5.61 8.41 8.54 6.06 4.62 12.29 8.0 6.06 5.76 5.36 5.36 12.49 5.63 8.44 5.41 5.41 5.41 5.41 5.41 5.41 5.41 5.01 5.01
0.96 10.61 0.32 3.7 7.73 0.95 8.36 0.91 0.35 0.08 8.02 4.71 4.71 0.6 4.13 7.91 7.2 7.29 8.39 8.22 7.93 7.93 1.57 10.04 2.11 0.71 4.71 8.58 8.66 8.19 0.35 0.6 1.03 1.98 3.98 6.89 0.32 9.19 2.56 4.06 12.12 0.73 7.42 7.93 1.21 8.45 3.96 2.67 4.0 0.0 0.79 0.51 0.0 0.32 0.32 0.32 0.08 0.35 0.35 0.32 1.94 1.88 0.08 7.29 8.39 11.51 1.88 0.6 0.0 0.0 3.96 4.8 0.6 1.11 0.78 0.08 0.08 9.28 5.04 11.76 9.37 0.79 10.11 10.43 9.37 9.43 8.94 8.94 9.84 8.73 6.46 2.04 2.04 2.04 2.04 2.04 2.04 2.04 1.63 1.63
1.74 11.23 0.94 4.32 8.34 1.57 8.98 1.52 1.1 0.7 8.64 5.33 5.33 1.22 4.75 8.53 7.82 7.91 9.01 8.84 8.55 8.55 2.18 10.66 2.36 1.33 5.33 9.19 9.28 8.81 1.1 1.22 1.65 2.6 4.6 7.51 0.94 9.81 3.18 4.67 12.74 0.06 8.04 8.55 1.83 9.07 4.58 3.29 4.62 0.79 0.0 1.13 0.79 0.94 0.94 0.94 0.7 1.1 1.1 0.94 2.56 2.49 0.7 7.91 9.01 12.13 2.49 1.22 0.79 0.79 4.58 5.42 1.22 1.73 1.4 0.7 0.7 9.9 5.65 12.38 9.99 0.0 10.73 11.05 9.99 10.05 9.56 9.56 10.46 9.35 7.08 2.66 2.66 2.66 2.66 2.66 2.66 2.66 2.25 2.25
1.47 10.1 0.19 3.19 7.61 0.84 7.85 0.79 0.36 0.43 7.91 4.2 4.2 0.48 3.62 7.4 6.69 6.78 8.27 8.1 7.81 7.81 1.45 9.53 1.99 0.59 4.2 8.06 8.15 7.68 0.36 0.48 0.92 1.47 3.47 6.38 0.19 9.08 2.45 3.94 11.61 1.07 6.91 7.82 1.09 7.94 3.85 2.16 3.88 0.51 1.13 0.0 0.51 0.19 0.19 0.19 0.43 0.36 0.36 0.19 1.43 1.36 0.43 6.78 8.27 11.0 1.36 0.48 0.51 0.51 3.85 4.69 0.48 1.0 0.67 0.43 0.43 9.11 4.52 11.25 8.86 1.13 9.59 9.92 8.86 9.27 8.43 8.43 9.33 8.22 6.35 1.53 1.53 1.53 1.53 1.53 1.53 1.53 1.12 1.12
0.96 10.61 0.32 3.7 7.73 0.95 8.36 0.91 0.35 0.08 8.02 4.71 4.71 0.6 4.13 7.91 7.2 7.29 8.39 8.22 7.93 7.93 1.57 10.04 2.11 0.71 4.71 8.58 8.66 8.19 0.35 0.6 1.03 1.98 3.98 6.89 0.32 9.19 2.56 4.06 12.12 0.73 7.42 7.93 1.21 8.45 3.96 2.67 4.0 0.0 0.79 0.51 0.0 0.32 0.32 0.32 0.08 0.35 0.35 0.32 1.94 1.88 0.08 7.29 8.39 11.51 1.88 0.6 0.0 0.0 3.96 4.8 0.6 1.11 0.78 0.08 0.08 9.28 5.04 11.76 9.37 0.79 10.11 10.43 9.37 9.43 8.94 8.94 9.84 8.73 6.46 2.04 2.04 2.04 2.04 2.04 2.04 2.04 1.63 1.63
1.27 10.29 0.0 3.38 7.42 0.65 8.05 0.6 0.17 0.24 7.72 4.39 4.39 0.29 3.81 7.59 6.89 6.97 8.08 7.91 7.62 7.62 1.26 9.72 1.8 0.39 4.39 8.26 8.34 7.87 0.17 0.29 0.73 1.66 3.67 6.57 0.0 8.88 2.25 3.75 11.8 0.88 7.1 7.62 0.9 8.13 3.66 2.35 3.69 0.32 0.94 0.19 0.32 0.0 0.0 0.0 0.24 0.17 0.17 0.0 1.62 1.56 0.24 6.97 8.08 11.2 1.56 0.29 0.32 0.32 3.66 4.49 0.29 0.8 0.47 0.24 0.24 8.97 4.72 11.44 9.05 0.94 9.79 10.12 9.05 9.12 8.62 8.62 9.52 8.42 6.15 1.72 1.72 1.72 1.72 1.72 1.72 1.72 1.32 1.32
1.27 10.29 0.0 3.38 7.42 0.65 8.05 0.6 0.17 0.24 7.72 4.39 4.39 0.29 3.81 7.59 6.89 6.97 8.08 7.91 7.62 7.62 1.26 9.72 1.8 0.39 4.39 8.26 8.34 7.87 0.17 0.29 0.73 1.66 3.67 6.57 0.0 8.88 2.25 3.75 11.8 0.88 7.1 7.62 0.9 8.13 3.66 2.35 3.69 0.32 0.94 0.19 0.32 0.0 0.0 0.0 0.24 0.17 0.17 0.0 1.62 1.56 0.24 6.97 8.08 11.2 1.56 0.29 0.32 0.32 3.66 4.49 0.29 0.8 0.47 0.24 0.24 8.97 4.72 11.44 9.05 0.94 9.79 10.12 9.05 9.12 8.62 8.62 9.52 8.42 6.15 1.72 1.72 1.72 1.72 1.72 1.72 1.72 1.32 1.32
1.27 10.29 0.0 3.38 7.42 0.65 8.05 0.6 0.17 0.24 7.72 4.39 4.39 0.29 3.81 7.59 6.89 6.97 8.08 7.91 7.62 7.62 1.26 9.72 1.8 0.39 4.39 8.26 8.34 7.87 0.17 0.29 0.73 1.66 3.67 6.57 0.0 8.88 2.25 3.75 11.8 0.88 7.1 7.62 0.9 8.13 3.66 2.35 3.69 0.32 0.94 0.19 0.32 0.0 0.0 0.0 0.24 0.17 0.17 0.0 1.62 1.56 0.24 6.97 8.08 11.2 1.56 0.29 0.32 0.32 3.66 4.49 0.29 0.8 0.47 0.24 0.24 8.97 4.72 11.44 9.05 0.94 9.79 10.12 9.05 9.12 8.62 8.62 9.52 8.42 6.15 1.72 1.72 1.72 1.72 1.72 1.72 1.72 1.32 1.32
1.04 10.52 0.24 3.62 7.64 0.87 8.28 0.82 0.4 0.0 7.94 4.63 4.63 0.52 4.05 7.83 7.12 7.21 8.3 8.13 7.84 7.84 1.48 9.95 2.02 0.63 4.63 8.49 8.58 8.11 0.4 0.52 0.95 1.9 3.9 6.81 0.24 9.11 2.48 3.97 12.04 0.65 7.33 7.85 1.12 8.37 3.88 2.59 3.91 0.08 0.7 0.43 0.08 0.24 0.24 0.24 0.0 0.4 0.4 0.24 1.86 1.79 0.0 7.21 8.3 11.43 1.79 0.52 0.08 0.08 3.88 4.72 0.52 1.03 0.7 0.0 0.0 9.19 4.95 11.68 9.28 0.7 10.02 10.35 9.28 9.35 8.85 8.85 9.75 8.65 6.38 1.95 1.95 1.95 1.95 1.95 1.95 1.95 1.55 1.55
1.31 10.45 0.17 3.55 7.58 0.81 8.21 0.76 0.0 0.4 7.88 4.56 4.56 0.46 3.98 7.76 7.05 7.14 8.25 8.08 7.79 7.79 1.42 9.88 1.97 0.56 4.56 8.42 8.51 8.04 0.0 0.46 0.89 1.83 3.83 6.74 0.17 9.05 2.42 3.91 11.96 1.05 7.26 7.79 1.07 8.29 3.82 2.51 3.86 0.35 1.1 0.36 0.35 0.17 0.17 0.17 0.4 0.0 0.0 0.17 1.79 1.72 0.4 7.14 8.25 11.36 1.72 0.46 0.35 0.35 3.82 4.66 0.46 0.97 0.64 0.4 0.4 9.14 4.88 11.61 9.21 1.1 9.95 10.28 9.21 9.29 8.78 8.78 9.68 8.58 6.32 1.88 1.88 1.88 1.88 1.88 1.88 1.88 1.48 1.48
1.31 10.45 0.17 3.55 7.58 0.81 8.21 0.76 0.0 0.4 7.88 4.56 4.56 0.46 3.98 7.76 7.05 7.13 8.25 8.08 7.79 7.79 1.42 9.88 1.97 0.56 4.56 8.42 8.51 8.04 0.0 0.46 0.89 1.83 3.83 6.74 0.17 9.05 2.42 3.91 11.96 1.05 7.26 7.79 1.07 8.29 3.82 2.51 3.86 0.35 1.1 0.36 0.35 0.17 0.17 0.17 0.4 0.0 0.0 0.17 1.79 1.72 0.4 7.13 8.25 11.36 1.72 0.46 0.35 0.35 3.82 4.66 0.46 0.97 0.64 0.4 0.4 9.14 4.88 11.61 9.21 1.1 9.95 10.28 9.21 9.29 8.78 8.78 9.68 8.58 6.32 1.88 1.88 1.88 1.88 1.88 1.88 1.88 1.48 1.48
1.27 10.29 0.0 3.38 7.42 0.65 8.05 0.6 0.17 0.24 7.72 4.39 4.39 0.29 3.81 7.59 6.89 6.97 8.08 7.91 7.62 7.62 1.26 9.72 1.8 0.39 4.39 8.26 8.34 7.87 0.17 0.29 0.73 1.66 3.67 6.57 0.0 8.88 2.25 3.75 11.8 0.88 7.1 7.62 0.9 8.13 3.66 2.35 3.69 0.32 0.94 0.19 0.32 0.0 0.0 0.0 0.24 0.17 0.17 0.0 1.62 1.56 0.24 6.97 8.08 11.2 1.56 0.29 0.32 0.32 3.66 4.49 0.29 0.8 0.47 0.24 0.24 8.97 4.72 11.44 9.05 0.94 9.79 10.12 9.05 9.12 8.62 8.62 9.52 8.42 6.15 1.72 1.72 1.72 1.72 1.72 1.72 1.72 1.32 1.32
2.9 8.67 1.62 1.76 8.02 2.27 6.42 2.22 1.79 1.86 9.34 2.77 2.77 1.91 2.19 5.97 5.26 5.35 7.24 7.21 7.46 7.46 2.88 8.1 3.42 2.02 2.77 6.64 6.72 6.25 1.79 1.91 2.35 1.34 2.04 4.95 1.62 7.76 3.88 5.37 10.18 2.5 5.48 9.24 2.52 6.51 5.28 0.73 5.31 1.94 2.56 1.43 1.94 1.62 1.62 1.62 1.86 1.79 1.79 1.62 0.0 1.24 1.86 5.35 7.24 9.57 1.24 1.91 1.94 1.94 5.28 6.11 1.91 2.43 2.1 1.86 1.86 7.68 3.1 9.82 7.43 2.56 8.17 8.49 7.43 7.84 7.0 7.0 7.9 6.79 7.77 1.4 1.4 1.4 1.4 1.4 1.4 1.4 0.99 0.99
2.83 9.9 1.56 3.0 8.98 2.2 7.66 2.16 1.72 1.79 9.27 4.01 4.01 1.85 3.42 7.21 6.5 6.58 8.48 8.45 8.7 8.7 2.82 9.33 3.36 1.95 4.01 7.87 7.96 7.49 1.72 1.85 2.28 0.44 3.28 6.19 1.56 9.0 3.81 5.31 11.41 2.44 6.71 9.18 2.46 7.74 5.21 1.96 5.25 1.88 2.49 1.36 1.88 1.56 1.56 1.56 1.79 1.72 1.72 1.56 1.24 0.0 1.79 6.58 8.48 10.81 0.0 1.85 1.88 1.88 5.21 6.05 1.85 2.36 2.03 1.79 1.79 8.92 4.33 11.06 8.66 2.49 9.4 9.73 8.66 9.07 8.23 8.23 9.13 8.03 7.71 0.64 0.64 0.64 0.64 0.64 0.64 0.64 0.24 0.24
1.04 10.52 0.24 3.62 7.64 0.87 8.28 0.82 0.4 0.0 7.94 4.63 4.63 0.52 4.05 7.83 7.12 7.21 8.3 8.13 7.84 7.84 1.48 9.95 2.02 0.63 4.63 8.49 8.58 8.11 0.4 0.52 0.95 1.9 3.9 6.81 0.24 9.11 2.48 3.97 12.04 0.65 7.33 7.85 1.12 8.37 3.88 2.59 3.91 0.08 0.7 0.43 0.08 0.24 0.24 0.24 0.0 0.4 0.4 0.24 1.86 1.79 0.0 7.21 8.3 11.43 1.79 0.52 0.08 0.08 3.88 4.72 0.52 1.03 0.7 0.0 0.0 9.19 4.95 11.68 9.28 0.7 10.02 10.35 9.28 9.35 8.85 8.85 9.75 8.65 6.38 1.95 1.95 1.95 1.95 1.95 1.95 1.95 1.55 1.55
8.25 3.32 6.97 4.15 2.67 7.5 1.07 7.57 7.14 7.21 5.2 2.58 2.58 7.26 4.11 0.62 0.11 0.0 1.89 1.86 2.11 2.11 8.23 7.12 8.77 7.36 2.58 1.29 1.37 2.58 7.14 7.26 7.45 6.69 3.78 2.51 6.97 2.41 9.22 6.43 5.5 7.85 0.13 5.52 7.87 1.16 6.08 5.47 6.37 7.29 7.91 6.78 7.29 6.97 6.97 6.97 7.21 7.14 7.13 6.97 5.35 6.58 7.21 0.0 1.89 4.22 6.58 7.26 7.29 7.29 6.08 5.24 7.26 7.66 7.45 7.21 7.21 2.34 5.56 4.47 2.08 7.91 5.92 3.15 2.08 2.49 1.65 1.65 6.12 1.44 3.64 6.75 6.75 6.75 6.75 6.75 6.75 6.75 6.34 6.34
9.34 2.91 8.08 6.04 1.01 7.43 1.78 7.93 8.25 8.3 6.7 4.47 4.47 7.79 6.0 1.5 2.0 1.89 0.0 0.17 0.46 0.46 8.6 9.01 9.14 7.7 4.47 1.04 0.52 4.47 8.25 7.79 7.35 8.58 5.67 4.4 8.08 1.28 8.18 4.77 5.25 8.95 1.76 3.86 8.04 1.16 4.42 7.36 4.72 8.39 9.01 8.27 8.39 8.08 8.08 8.08 8.3 8.25 8.25 8.08 7.24 8.48 8.3 1.89 0.0 3.81 8.48 7.79 8.39 8.39 4.42 3.59 7.79 7.59 7.61 8.3 8.3 1.23 7.45 4.06 1.58 9.01 7.81 3.52 1.58 1.39 0.88 0.88 8.01 1.15 5.13 8.64 8.64 8.64 8.64 8.64 8.64 8.64 8.23 8.23
12.47 0.91 11.2 8.37 4.59 11.01 3.17 11.51 11.36 11.43 9.17 6.8 6.8 11.37 8.33 3.6 4.34 4.22 3.81 3.79 4.04 4.04 12.17 5.84 12.71 11.28 6.8 3.02 3.31 5.37 11.36 11.37 10.93 10.92 8.01 6.74 11.2 4.34 11.75 8.35 1.44 12.08 4.1 7.44 11.62 3.12 8.0 9.7 8.29 11.51 12.13 11.0 11.51 11.2 11.2 11.2 11.43 11.36 11.36 11.2 9.57 10.81 11.43 4.22 3.81 0.0 10.81 11.37 11.51 11.51 8.0 7.17 11.37 11.17 11.18 11.43 11.43 4.26 9.78 0.25 2.53 12.13 4.69 1.73 2.53 4.41 2.93 2.93 4.96 2.9 7.6 10.97 10.97 10.97 10.97 10.97 10.97 10.97 10.57 10.57
2.83 9.9 1.56 3.0 8.98 2.2 7.66 2.16 1.72 1.79 9.27 4.01 4.01 1.85 3.42 7.21 6.5 6.58 8.48 8.45 8.7 8.7 2.82 9.33 3.36 1.95 4.01 7.87 7.96 7.49 1.72 1.85 2.28 0.44 3.28 6.19 1.56 9.0 3.81 5.31 11.41 2.44 6.71 9.18 2.46 7.74 5.21 1.96 5.25 1.88 2.49 1.36 1.88 1.56 1.56 1.56 1.79 1.72 1.72 1.56 1.24 0.0 1.79 6.58 8.48 10.81 0.0 1.85 1.88 1.88 5.21 6.05 1.85 2.36 2.03 1.79 1.79 8.92 4.33 11.06 8.66 2.49 9.4 9.73 8.66 9.07 8.23 8.23 9.13 8.03 7.71 0.64 0.64 0.64 0.64 0.64 0.64 0.64 0.24 0.24
1.56 10.46 0.29 3.68 7.13 0.35 8.34 0.31 0.46 0.52 7.42 4.69 4.69 0.0 4.1 7.89 7.18 7.26 7.79 7.62 7.33 7.33 0.97 10.01 1.51 0.17 4.69 8.55 8.07 8.16 0.46 0.0 0.43 1.96 3.96 6.86 0.29 8.59 1.96 3.46 12.09 1.16 7.39 7.33 0.61 8.42 3.36 2.64 3.4 0.6 1.22 0.48 0.6 0.29 0.29 0.29 0.52 0.46 0.46 0.29 1.91 1.85 0.52 7.26 7.79 11.37 1.85 0.0 0.6 0.6 3.36 4.2 0.0 0.51 0.18 0.52 0.52 8.68 5.01 11.62 9.13 1.22 10.08 10.41 9.13 8.83 8.43 8.43 9.81 8.71 5.86 2.01 2.01 2.01 2.01 2.01 2.01 2.01 1.61 1.61
0.96 10.61 0.32 3.7 7.73 0.95 8.36 0.91 0.35 0.08 8.02 4.71 4.71 0.6 4.13 7.91 7.2 7.29 8.39 8.22 7.93 7.93 1.57 10.04 2.11 0.71 4.71 8.58 8.66 8.19 0.35 0.6 1.03 1.98 3.98 6.89 0.32 9.19 2.56 4.06 12.12 0.73 7.42 7.93 1.21 8.45 3.96 2.67 4.0 0.0 0.79 0.51 0.0 0.32 0.32 0.32 0.08 0.35 0.35 0.32 1.94 1.88 0.08 7.29 8.39 11.51 1.88 0.6 0.0 0.0 3.96 4.8 0.6 1.11 0.78 0.08 0.08 9.28 5.04 11.76 9.37 0.79 10.11 10.43 9.37 9.43 8.94 8.94 9.84 8.73 6.46 2.04 2.04 2.04 2.04 2.04 2.04 2.04 1.63 1.63
0.96 10.61 0.32 3.7 7.73 0.95 8.36 0.91 0.35 0.08 8.02 4.71 4.71 0.6 4.13 7.91 7.2 7.29 8.39 8.22 7.93 7.93 1.57 10.04 2.11 0.71 4.71 8.58 8.66 8.19 0.35 0.6 1.03 1.98 3.98 6.89 0.32 9.19 2.56 4.06 12.12 0.73 7.42 7.93 1.21 8.45 3.96 2.67 4.0 0.0 0.79 0.51 0.0 0.32 0.32 0.32 0.08 0.35 0.35 0.32 1.94 1.88 0.08 7.29 8.39 11.51 1.88 0.6 0.0 0.0 3.96 4.8 0.6 1.11 0.78 0.08 0.08 9.28 5.04 11.76 9.37 0.79 10.11 10.43 9.37 9.43 8.94 8.94 9.84 8.73 6.46 2.04 2.04 2.04 2.04 2.04 2.04 2.04 1.63 1.63
4.92 7.09 3.66 7.04 3.76 3.01 5.97 3.51 3.82 3.88 9.97 8.05 8.05 3.36 7.47 5.69 6.19 6.08 4.42 4.25 3.96 3.96 4.17 13.2 4.71 3.27 8.05 5.22 4.71 8.65 3.82 3.36 2.93 5.32 7.32 8.59 3.66 5.23 3.75 0.35 9.44 4.53 5.95 3.97 3.62 5.35 0.0 6.01 0.29 3.96 4.58 3.85 3.96 3.66 3.66 3.66 3.88 3.82 3.82 3.66 5.28 5.21 3.88 6.08 4.42 8.0 5.21 3.36 3.96 3.96 0.0 0.84 3.36 3.17 3.18 3.88 3.88 5.31 8.37 8.25 5.77 4.58 12.0 7.7 5.77 5.47 5.07 5.07 12.2 5.34 8.41 5.37 5.37 5.37 5.37 5.37 5.37 5.37 4.97 4.97
5.76 6.26 4.49 7.88 2.93 3.85 5.13 4.35 4.66 4.72 10.05 7.82 7.82 4.2 8.3 4.85 5.35 5.24 3.59 3.42 3.13 3.13 5.01 12.36 5.55 4.11 7.82 4.39 3.87 7.82 4.66 4.2 3.77 6.16 8.16 7.76 4.49 4.39 4.59 1.19 8.61 5.36 5.11 3.13 4.45 4.51 0.84 6.84 1.13 4.8 5.42 4.69 4.8 4.49 4.49 4.49 4.72 4.66 4.66 4.49 6.11 6.05 4.72 5.24 3.59 7.17 6.05 4.2 4.8 4.8 0.84 0.0 4.2 4.0 4.02 4.72 4.72 4.48 9.21 7.41 4.93 5.42 11.16 6.87 4.93 4.63 4.23 4.23 11.36 4.5 8.48 6.21 6.21 6.21 6.21 6.21 6.21 6.21 5.81 5.81
1.56 10.46 0.29 3.68 7.13 0.35 8.34 0.31 0.46 0.52 7.42 4.69 4.69 0.0 4.1 7.89 7.18 7.26 7.79 7.62 7.33 7.33 0.97 10.01 1.51 0.17 4.69 8.55 8.07 8.16 0.46 0.0 0.43 1.96 3.96 6.86 0.29 8.59 1.96 3.46 12.09 1.16 7.39 7.33 0.61 8.42 3.36 2.64 3.4 0.6 1.22 0.48 0.6 0.29 0.29 0.29 0.52 0.46 0.46 0.29 1.91 1.85 0.52 7.26 7.79 11.37 1.85 0.0 0.6 0.6 3.36 4.2 0.0 0.51 0.18 0.52 0.52 8.68 5.01 11.62 9.13 1.22 10.08 10.41 9.13 8.83 8.43 8.43 9.81 8.71 5.86 2.01 2.01 2.01 2.01 2.01 2.01 2.01 1.61 1.61
2.07 10.26 0.8 4.19 6.93 0.16 8.47 0.34 0.97 1.03 7.25 5.2 5.2 0.51 4.62 8.02 7.69 7.66 7.59 7.42 7.13 7.13 1.0 10.52 1.55 0.42 5.2 8.39 7.87 8.68 0.97 0.51 0.24 2.47 4.47 7.38 0.8 8.39 2.0 3.26 12.6 1.67 7.53 7.13 0.65 8.52 3.17 3.15 3.2 1.11 1.73 1.0 1.11 0.8 0.8 0.8 1.03 0.97 0.97 0.8 2.43 2.36 1.03 7.66 7.59 11.17 2.36 0.51 1.11 1.11 3.17 4.0 0.51 0.0 0.33 1.03 1.03 8.48 5.52 11.42 8.94 1.73 10.59 10.55 8.94 8.63 8.23 8.23 10.32 8.51 5.68 2.52 2.52 2.52 2.52 2.52 2.52 2.52 2.12 2.12
1.74 10.28 0.47 3.86 6.94 0.17 8.47 0.41 0.64 0.7 7.24 4.87 4.87 0.18 4.29 8.02 7.36 7.45 7.61 7.44 7.15 7.15 1.07 10.19 1.61 0.09 4.87 8.41 7.89 8.35 0.64 0.18 0.25 2.14 4.14 7.05 0.47 8.41 2.07 3.27 12.27 1.34 7.52 7.15 0.71 8.53 3.18 2.82 3.22 0.78 1.4 0.67 0.78 0.47 0.47 0.47 0.7 0.64 0.64 0.47 2.1 2.03 0.7 7.45 7.61 11.18 2.03 0.18 0.78 0.78 3.18 4.02 0.18 0.33 0.0 0.7 0.7 8.5 5.19 11.43 8.95 1.4 10.26 10.54 8.95 8.65 8.25 8.25 9.99 8.52 5.68 2.19 2.19 2.19 2.19 2.19 2.19 2.19 1.79 1.79
1.04 10.52 0.24 3.62 7.64 0.87 8.28 0.82 0.4 0.0 7.94 4.63 4.63 0.52 4.05 7.83 7.12 7.21 8.3 8.13 7.84 7.84 1.48 9.95 2.02 0.63 4.63 8.49 8.58 8.11 0.4 0.52 0.95 1.9 3.9 6.81 0.24 9.11 2.48 3.97 12.04 0.65 7.33 7.85 1.12 8.37 3.88 2.59 3.91 0.08 0.7 0.43 0.08 0.24 0.24 0.24 0.0 0.4 0.4 0.24 1.86 1.79 0.0 7.21 8.3 11.43 1.79 0.52 0.08 0.08 3.88 4.72 0.52 1.03 0.7 0.0 0.0 9.19 4.95 11.68 9.28 0.7 10.02 10.35 9.28 9.35 8.85 8.85 9.75 8.65 6.38 1.95 1.95 1.95 1.95 1.95 1.95 1.95 1.55 1.55
1.04 10.52 0.24 3.62 7.64 0.87 8.28 0.82 0.4 0.0 7.94 4.63 4.63 0.52 4.05 7.83 7.12 7.21 8.3 8.13 7.84 7.84 1.48 9.95 2.02 0.63 4.63 8.49 8.58 8.11 0.4 0.52 0.95 1.9 3.9 6.81 0.24 9.11 2.48 3.97 12.04 0.65 7.33 7.85 1.12 8.37 3.88 2.59 3.91 0.08 0.7 0.43 0.08 0.24 0.24 0.24 0.0 0.4 0.4 0.24 1.86 1.79 0.0 7.21 8.3 11.43 1.79 0.52 0.08 0.08 3.88 4.72 0.52 1.03 0.7 0.0 0.0 9.19 4.95 11.68 9.28 0.7 10.02 10.35 9.28 9.35 8.85 8.85 9.75 8.65 6.38 1.95 1.95 1.95 1.95 1.95 1.95 1.95 1.55 1.55
10.23 3.35 8.97 6.48 1.9 8.32 2.22 8.82 9.14 9.19 7.14 4.91 4.91 8.68 6.44 1.94 2.45 2.34 1.23 1.21 1.35 1.35 9.48 9.46 10.03 8.59 4.91 1.48 0.96 4.91 9.14 8.68 8.24 9.03 6.12 4.85 8.97 0.13 9.06 5.66 5.7 9.84 2.21 4.75 8.93 1.61 5.31 7.81 5.61 9.28 9.9 9.11 9.28 8.97 8.97 8.97 9.19 9.14 9.14 8.97 7.68 8.92 9.19 2.34 1.23 4.26 8.92 8.68 9.28 9.28 5.31 4.48 8.68 8.48 8.5 9.19 9.19 0.0 7.89 4.51 2.03 9.9 8.25 3.96 2.03 0.15 1.32 1.32 8.45 1.6 5.58 9.08 9.08 9.08 9.08 9.08 9.08 9.08 8.68 8.68
5.99 8.88 4.72 3.92 8.23 5.36 6.63 5.32 4.88 4.95 10.76 2.98 2.98 5.01 2.96 6.18 5.47 5.56 7.45 7.42 7.67 7.67 5.98 6.04 6.52 5.11 2.98 6.84 6.93 5.74 4.88 5.01 5.44 4.44 1.78 4.75 4.72 7.97 6.97 8.47 9.67 5.6 5.69 11.08 5.62 6.72 8.37 3.2 8.41 5.04 5.65 4.52 5.04 4.72 4.72 4.72 4.95 4.88 4.88 4.72 3.1 4.33 4.95 5.56 7.45 9.78 4.33 5.01 5.04 5.04 8.37 9.21 5.01 5.52 5.19 4.95 4.95 7.89 0.0 10.03 7.64 5.65 6.79 8.7 7.64 8.05 7.21 7.21 6.83 7.0 9.19 4.49 4.49 4.49 4.49 4.49 4.49 4.49 4.09 4.09
12.72 1.16 11.44 8.62 4.84 11.26 3.42 11.76 11.61 11.68 9.42 7.05 7.05 11.62 8.58 3.85 4.59 4.47 4.06 4.04 4.29 4.29 12.42 5.59 12.96 11.53 7.05 3.27 3.56 5.12 11.61 11.62 11.18 11.17 8.26 6.99 11.44 4.59 12.0 8.6 1.19 12.33 4.35 7.69 11.87 3.37 8.25 9.94 8.54 11.76 12.38 11.25 11.76 11.44 11.44 11.44 11.68 11.61 11.61 11.44 9.82 11.06 11.68 4.47 4.06 0.25 11.06 11.62 11.76 11.76 8.25 7.41 11.62 11.42 11.43 11.68 11.68 4.51 10.03 0.0 2.78 12.38 4.44 1.98 2.78 4.66 3.18 3.18 4.71 3.15 7.85 11.22 11.22 11.22 11.22 11.22 11.22 11.22 10.82 10.82
