0.0 3.38 7.42 0.29 0.6 7.72 0.88 4.39 3.44 1.91 9.85 8.08 7.77 1.26 3.69 7.99 8.25 8.25 8.09 0.41 2.61 3.81 8.09 7.1 0.6 9.78 9.73 3.28 0.41 0.32 0.38 0.29 8.65 3.18 3.6 1.56 7.84 0.0 0.52 0.88 3.75 0.29 0.0 0.17 0.24 8.97 9.48 1.48 12.78 7.25 8.88 2.04 2.25 0.94 8.97 1.72 1.72 2.73 1.32 1.72
3.38 0.0 6.82 3.68 3.98 9.35 4.27 1.57 1.92 1.63 7.03 6.04 6.34 4.64 7.07 6.27 5.63 5.63 5.79 3.79 5.99 1.34 5.79 4.28 3.98 8.26 8.21 6.66 3.79 3.7 3.76 3.68 5.83 6.57 6.99 3.0 5.02 3.38 3.9 4.27 7.13 3.68 3.38 3.55 3.62 6.48 8.99 4.87 10.41 6.63 6.56 5.43 5.64 4.32 6.48 3.16 3.16 6.11 2.76 3.16
7.42 6.82 0.0 7.13 7.27 7.47 8.29 5.24 6.29 7.72 4.36 1.01 0.68 7.93 4.05 0.92 1.18 1.18 1.02 7.81 9.71 6.78 1.02 2.54 7.27 10.25 9.6 8.75 7.81 7.73 7.78 7.13 1.96 9.58 4.14 8.98 4.96 7.42 6.9 8.29 4.11 7.13 7.42 7.58 7.64 1.9 2.59 8.89 6.85 0.35 1.82 6.09 7.51 8.34 1.9 9.14 9.14 7.67 8.73 9.14
0.29 3.68 7.13 0.0 0.31 7.42 1.16 4.69 3.74 2.21 10.14 7.79 7.47 0.97 3.4 7.69 7.96 7.96 7.8 0.69 2.75 4.1 7.8 7.39 0.31 10.07 10.02 2.99 0.69 0.6 0.66 0.0 8.74 3.47 3.31 1.85 7.56 0.29 0.22 1.16 3.46 0.0 0.29 0.46 0.52 8.68 9.19 1.76 13.07 6.96 8.59 1.75 1.96 1.22 8.68 2.01 2.01 2.44 1.61 2.01
0.6 3.98 7.27 0.31 0.0 7.59 1.47 4.99 4.04 2.51 10.45 7.93 7.62 0.66 3.54 7.84 8.1 8.1 7.94 0.99 2.44 4.41 7.94 7.7 0.0 10.38 10.33 2.68 0.99 0.91 0.96 0.31 8.88 3.77 3.46 2.16 7.79 0.6 0.45 1.47 3.6 0.31 0.6 0.76 0.82 8.82 9.34 2.07 13.38 7.1 8.74 1.9 1.66 1.52 8.82 2.32 2.32 2.6 1.91 2.32
7.72 9.35 7.47 7.42 7.59 0.0 8.59 7.78 8.82 9.63 7.82 6.7 7.0 8.25 10.01 6.93 6.29 6.29 6.45 8.11 10.03 9.31 6.45 5.07 7.59 12.78 12.13 10.27 8.11 8.02 8.08 7.42 6.62 10.61 9.92 9.27 6.63 7.72 7.22 8.59 10.07 7.42 7.72 7.88 7.94 7.14 9.65 9.19 11.42 7.29 7.22 8.36 9.25 8.64 7.14 9.43 9.43 4.99 9.03 9.43
0.88 4.27 8.29 1.16 1.47 8.59 0.0 5.28 4.32 2.8 10.73 8.95 8.64 2.13 4.56 8.86 9.12 9.12 8.96 0.82 1.73 4.69 8.96 7.98 1.47 10.66 10.61 4.15 0.82 0.73 0.79 1.16 9.53 4.07 4.47 2.44 8.72 0.88 1.39 0.0 4.62 1.16 0.88 1.05 0.65 9.84 10.35 0.96 13.66 8.12 9.75 2.91 3.12 0.06 9.84 2.6 2.6 3.6 2.2 2.6
4.39 1.57 5.24 4.69 4.99 7.78 5.28 0.0 1.04 2.48 5.46 4.47 4.77 5.65 8.09 4.7 4.06 4.06 4.22 4.8 7.0 1.53 4.22 2.7 4.99 7.32 7.27 7.68 4.8 4.71 4.77 4.69 4.26 6.29 8.0 4.01 3.45 4.39 4.91 5.28 8.14 4.69 4.39 4.56 4.63 4.91 7.42 5.88 8.83 5.06 4.99 6.44 6.65 5.33 4.91 4.17 4.17 7.12 3.77 4.17
3.44 1.92 6.29 3.74 4.04 8.82 4.32 1.04 0.0 1.53 6.5 5.51 5.82 4.7 7.13 5.75 5.11 5.11 5.26 3.85 6.05 0.96 5.26 3.75 4.04 6.36 6.31 6.72 3.85 3.76 3.82 3.74 5.3 6.63 7.05 3.06 4.49 3.44 3.96 4.32 7.19 3.74 3.44 3.61 3.68 5.95 8.47 4.93 9.37 6.1 6.03 5.49 5.7 4.38 5.95 3.22 3.22 6.17 2.82 3.22
1.91 1.63 7.72 2.21 2.51 9.63 2.8 2.48 1.53 0.0 7.94 6.95 7.25 3.17 5.61 7.18 6.54 6.54 6.7 2.32 4.52 1.93 6.7 5.18 2.51 7.87 7.81 5.2 2.32 2.23 2.29 2.21 6.74 5.1 5.52 1.53 5.93 1.91 2.43 2.8 5.66 2.21 1.91 2.08 2.15 7.39 9.9 3.4 10.87 7.54 7.47 3.96 4.17 2.85 7.39 1.69 1.69 4.64 1.29 1.69
9.85 7.03 4.36 10.14 10.45 7.82 10.73 5.46 6.5 7.94 0.0 3.59 3.89 11.11 8.07 3.82 3.18 3.18 3.34 10.26 12.46 6.99 3.34 2.75 10.45 7.66 7.01 12.77 10.26 10.17 10.23 10.14 2.92 9.8 8.15 9.47 5.17 9.85 10.25 10.73 8.12 10.14 9.85 10.02 10.09 4.03 6.54 11.34 3.62 4.18 4.11 10.1 11.52 10.79 4.03 9.63 9.63 8.02 9.22 9.63
8.08 6.04 1.01 7.79 7.93 6.7 8.95 4.47 5.51 6.95 3.59 0.0 0.54 8.6 4.72 0.55 0.41 0.41 0.25 8.48 10.37 6.0 0.25 1.76 7.93 9.47 8.82 9.42 8.48 8.39 8.44 7.79 1.18 8.81 4.8 8.48 4.18 8.08 7.56 8.95 4.77 7.79 8.08 8.25 8.3 1.23 3.19 9.55 6.07 0.83 1.28 6.75 8.18 9.01 1.23 8.64 8.64 6.89 8.23 8.64
7.77 6.34 0.68 7.47 7.62 7.0 8.64 4.77 5.82 7.25 3.89 0.54 0.0 8.28 4.4 0.45 0.71 0.71 0.55 8.16 10.06 6.3 0.55 2.07 7.62 9.78 9.13 9.1 8.16 8.07 8.13 7.47 1.49 9.11 4.49 8.78 4.49 7.77 7.25 8.64 4.46 7.47 7.77 7.93 7.99 1.43 2.9 9.24 6.38 0.54 1.35 6.43 7.86 8.69 1.43 8.94 8.94 7.2 8.54 8.94
1.26 4.64 7.93 0.97 0.66 8.25 2.13 5.65 4.7 3.17 11.11 8.6 8.28 0.0 4.2 8.5 8.76 8.76 8.6 1.65 3.0 5.07 8.6 8.36 0.66 11.04 10.99 2.02 1.65 1.57 1.62 0.97 9.54 4.44 4.12 2.82 8.45 1.26 1.12 2.13 4.26 0.97 1.26 1.42 1.48 9.48 10.0 2.73 14.04 7.76 9.4 1.91 1.0 2.18 9.48 2.98 2.98 3.26 2.57 2.98
3.69 7.07 4.05 3.4 3.54 10.01 4.56 8.09 7.13 5.61 8.07 4.72 4.4 4.2 0.0 4.62 4.88 4.88 4.73 4.08 5.98 7.5 4.73 6.24 3.54 13.47 13.3 5.03 4.08 4.0 4.05 3.4 5.66 6.78 0.09 5.25 8.66 3.69 3.17 4.56 0.06 3.4 3.69 3.86 3.91 5.61 6.12 5.16 10.55 3.89 5.52 2.36 3.78 4.62 5.61 5.41 5.41 5.02 5.01 5.41
7.99 6.27 0.92 7.69 7.84 6.93 8.86 4.7 5.75 7.18 3.82 0.55 0.45 8.5 4.62 0.0 0.64 0.64 0.48 8.38 10.28 6.23 0.48 2.0 7.84 9.71 9.06 9.32 8.38 8.29 8.35 7.69 1.42 9.04 4.71 8.71 4.42 7.99 7.47 8.86 4.68 7.69 7.99 8.15 8.21 0.98 3.1 9.46 6.31 0.74 0.9 6.65 8.08 8.91 0.98 8.87 8.87 7.13 8.47 8.87
8.25 5.63 1.18 7.96 8.1 6.29 9.12 4.06 5.11 6.54 3.18 0.41 0.71 8.76 4.88 0.64 0.0 0.0 0.16 8.64 10.54 5.59 0.16 1.36 8.1 9.07 8.42 9.59 8.64 8.56 8.61 7.96 0.78 8.4 4.97 8.07 3.77 8.25 7.73 9.12 4.94 7.96 8.25 8.41 8.47 0.85 3.36 9.72 5.67 1.0 0.93 6.92 8.34 9.18 0.85 8.23 8.23 6.49 7.83 8.23
8.25 5.63 1.18 7.96 8.1 6.29 9.12 4.06 5.11 6.54 3.18 0.41 0.71 8.76 4.88 0.64 0.0 0.0 0.16 8.64 10.54 5.59 0.16 1.36 8.1 9.07 8.42 9.59 8.64 8.56 8.61 7.96 0.78 8.4 4.97 8.07 3.77 8.25 7.73 9.12 4.94 7.96 8.25 8.41 8.47 0.85 3.36 9.72 5.67 1.0 0.93 6.92 8.34 9.18 0.85 8.23 8.23 6.49 7.83 8.23
8.09 5.79 1.02 7.8 7.94 6.45 8.96 4.22 5.26 6.7 3.34 0.25 0.55 8.6 4.73 0.48 0.16 0.16 0.0 8.48 10.38 5.75 0.0 1.52 7.94 9.23 8.58 9.43 8.48 8.4 8.45 7.8 0.94 8.56 4.81 8.23 3.93 8.09 7.57 8.96 4.78 7.8 8.09 8.26 8.31 0.99 3.2 9.56 5.82 0.84 1.03 6.76 8.18 9.02 0.99 8.39 8.39 6.65 7.99 8.39
0.41 3.79 7.81 0.69 0.99 8.11 0.82 4.8 3.85 2.32 10.26 8.48 8.16 1.65 4.08 8.38 8.64 8.64 8.48 0.0 2.54 4.22 8.48 7.5 0.99 10.19 10.14 3.68 0.0 0.09 0.14 0.69 9.06 3.59 4.0 1.96 8.25 0.41 0.91 0.82 4.14 0.69 0.41 0.27 0.17 9.36 9.88 1.42 13.19 7.64 9.28 2.44 2.65 0.87 9.36 2.12 2.12 3.12 1.72 2.12
2.61 5.99 9.71 2.75 2.44 10.03 1.73 7.0 6.05 4.52 12.46 10.37 10.06 3.0 5.98 10.28 10.54 10.54 10.38 2.54 0.0 6.42 10.38 9.71 2.44 12.39 12.34 4.82 2.54 2.45 2.51 2.75 11.26 5.79 5.9 4.16 10.23 2.61 2.89 1.73 6.04 2.75 2.61 2.77 2.37 11.26 11.78 2.69 15.39 9.54 11.18 4.34 3.99 1.79 11.26 4.32 4.32 5.04 3.92 4.32
3.81 1.34 6.78 4.1 4.41 9.31 4.69 1.53 0.96 1.93 6.99 6.0 6.3 5.07 7.5 6.23 5.59 5.59 5.75 4.22 6.42 0.0 5.75 4.24 4.41 7.3 7.25 7.09 4.22 4.13 4.19 4.1 5.79 7.0 7.41 3.42 4.98 3.81 4.33 4.69 7.56 4.1 3.81 3.98 4.05 6.44 8.95 5.3 10.3 6.59 6.52 5.86 6.07 4.75 6.44 3.59 3.59 6.54 3.18 3.59
8.09 5.79 1.02 7.8 7.94 6.45 8.96 4.22 5.26 6.7 3.34 0.25 0.55 8.6 4.73 0.48 0.16 0.16 0.0 8.48 10.38 5.75 0.0 1.52 7.94 9.23 8.58 9.43 8.48 8.4 8.45 7.8 0.94 8.56 4.81 8.23 3.93 8.09 7.57 8.96 4.78 7.8 8.09 8.26 8.31 0.99 3.2 9.56 5.82 0.84 1.03 6.76 8.18 9.02 0.99 8.39 8.39 6.65 7.99 8.39
7.1 4.28 2.54 7.39 7.7 5.07 7.98 2.7 3.75 5.18 2.75 1.76 2.07 8.36 6.24 2.0 1.36 1.36 1.52 7.5 9.71 4.24 1.52 0.0 7.7 7.71 7.06 10.38 7.5 7.42 7.47 7.39 1.55 7.04 6.33 6.71 2.42 7.1 7.5 7.98 6.3 7.39 7.1 7.26 7.33 2.21 4.72 8.58 6.35 2.36 2.29 8.27 9.35 8.04 2.21 6.87 6.87 5.27 6.47 6.87
0.6 3.98 7.27 0.31 0.0 7.59 1.47 4.99 4.04 2.51 10.45 7.93 7.62 0.66 3.54 7.84 8.1 8.1 7.94 0.99 2.44 4.41 7.94 7.7 0.0 10.38 10.33 2.68 0.99 0.91 0.96 0.31 8.88 3.77 3.46 2.16 7.79 0.6 0.45 1.47 3.6 0.31 0.6 0.76 0.82 8.82 9.34 2.07 13.38 7.1 8.74 1.9 1.66 1.52 8.82 2.32 2.32 2.6 1.91 2.32
9.78 8.26 10.25 10.07 10.38 12.78 10.66 7.32 6.36 7.87 7.66 9.47 9.78 11.04 13.47 9.71 9.07 9.07 9.23 10.19 12.39 7.3 9.23 7.71 10.38 0.0 0.77 13.06 10.19 10.1 10.16 10.07 9.14 12.96 13.38 9.39 9.64 9.78 10.3 10.66 13.53 10.07 9.78 9.94 10.02 9.92 12.43 11.26 4.79 10.07 10.0 11.82 12.03 10.72 9.92 9.55 9.55 12.51 9.15 9.55
9.73 8.21 9.6 10.02 10.33 12.13 10.61 7.27 6.31 7.81 7.01 8.82 9.13 10.99 13.3 9.06 8.42 8.42 8.58 10.14 12.34 7.25 8.58 7.06 10.33 0.77 0.0 13.01 10.14 10.05 10.1 10.02 8.49 12.91 13.33 9.34 8.99 9.73 10.25 10.61 13.36 10.02 9.73 9.89 9.96 9.27 11.78 11.21 4.14 9.42 9.35 11.77 11.98 10.67 9.27 9.5 9.5 12.33 9.1 9.5
3.28 6.66 8.75 2.99 2.68 10.27 4.15 7.68 6.72 5.2 12.77 9.42 9.1 2.02 5.03 9.32 9.59 9.59 9.43 3.68 4.82 7.09 9.43 10.38 2.68 13.06 13.01 0.0 3.68 3.59 3.64 2.99 10.36 6.46 4.94 4.84 10.47 3.28 3.14 4.15 5.09 2.99 3.28 3.45 3.5 10.31 10.82 4.75 15.25 8.59 10.22 2.67 1.24 4.21 10.31 5.0 5.0 5.29 4.6 5.0
0.41 3.79 7.81 0.69 0.99 8.11 0.82 4.8 3.85 2.32 10.26 8.48 8.16 1.65 4.08 8.38 8.64 8.64 8.48 0.0 2.54 4.22 8.48 7.5 0.99 10.19 10.14 3.68 0.0 0.09 0.14 0.69 9.06 3.59 4.0 1.96 8.25 0.41 0.91 0.82 4.14 0.69 0.41 0.27 0.17 9.36 9.88 1.42 13.19 7.64 9.28 2.44 2.65 0.87 9.36 2.12 2.12 3.12 1.72 2.12
0.32 3.7 7.73 0.6 0.91 8.02 0.73 4.71 3.76 2.23 10.17 8.39 8.07 1.57 4.0 8.29 8.56 8.56 8.4 0.09 2.45 4.13 8.4 7.42 0.91 10.1 10.05 3.59 0.09 0.0 0.06 0.6 8.97 3.5 3.91 1.88 8.16 0.32 0.82 0.73 4.06 0.6 0.32 0.35 0.08 9.28 9.79 1.33 13.1 7.56 9.19 2.35 2.56 0.79 9.28 2.04 2.04 3.04 1.63 2.04
0.38 3.76 7.78 0.66 0.96 8.08 0.79 4.77 3.82 2.29 10.23 8.44 8.13 1.62 4.05 8.35 8.61 8.61 8.45 0.14 2.51 4.19 8.45 7.47 0.96 10.16 10.1 3.64 0.14 0.06 0.0 0.66 9.03 3.56 3.97 1.93 8.22 0.38 0.88 0.79 4.11 0.66 0.38 0.41 0.14 9.33 9.85 1.39 13.16 7.61 9.25 2.41 2.62 0.84 9.33 2.09 2.09 3.09 1.69 2.09
0.29 3.68 7.13 0.0 0.31 7.42 1.16 4.69 3.74 2.21 10.14 7.79 7.47 0.97 3.4 7.69 7.96 7.96 7.8 0.69 2.75 4.1 7.8 7.39 0.31 10.07 10.02 2.99 0.69 0.6 0.66 0.0 8.74 3.47 3.31 1.85 7.56 0.29 0.22 1.16 3.46 0.0 0.29 0.46 0.52 8.68 9.19 1.76 13.07 6.96 8.59 1.75 1.96 1.22 8.68 2.01 2.01 2.44 1.61 2.01
8.65 5.83 1.96 8.74 8.88 6.62 9.53 4.26 5.3 6.74 2.92 1.18 1.49 9.54 5.66 1.42 0.78 0.78 0.94 9.06 11.26 5.79 0.94 1.55 8.88 9.14 8.49 10.36 9.06 8.97 9.03 8.74 0.0 8.59 5.75 8.26 3.97 8.65 8.51 9.53 5.72 8.74 8.65 8.81 8.89 1.63 4.14 10.14 5.09 1.78 1.71 7.69 9.12 9.59 1.63 8.43 8.43 6.82 8.02 8.43
3.18 6.57 9.58 3.47 3.77 10.61 4.07 6.29 6.63 5.1 9.8 8.81 9.11 4.44 6.78 9.04 8.4 8.4 8.56 3.59 5.79 7.0 8.56 7.04 3.77 12.96 12.91 6.46 3.59 3.5 3.56 3.47 8.59 0.0 6.69 4.74 4.96 3.18 3.6 4.07 6.83 3.47 3.18 3.35 3.42 9.25 11.76 4.67 13.17 9.4 9.33 5.13 5.43 4.12 9.25 4.9 4.9 5.81 4.5 4.9
3.6 6.99 4.14 3.31 3.46 9.92 4.47 8.0 7.05 5.52 8.15 4.8 4.49 4.12 0.09 4.71 4.97 4.97 4.81 4.0 5.9 7.41 4.81 6.33 3.46 13.38 13.33 4.94 4.0 3.91 3.97 3.31 5.75 6.69 0.0 5.16 8.75 3.6 3.09 4.47 0.15 3.31 3.6 3.77 3.83 5.69 6.21 5.08 10.64 3.97 5.61 2.27 3.7 4.53 5.69 5.32 5.32 4.93 4.92 5.32
1.56 3.0 8.98 1.85 2.16 9.27 2.44 4.01 3.06 1.53 9.47 8.48 8.78 2.82 5.25 8.71 8.07 8.07 8.23 1.96 4.16 3.42 8.23 6.71 2.16 9.39 9.34 4.84 1.96 1.88 1.93 1.85 8.26 4.74 5.16 0.0 7.46 1.56 2.07 2.44 5.31 1.85 1.56 1.72 1.79 8.92 11.04 3.04 12.39 8.81 9.0 3.6 3.81 2.49 8.92 0.64 0.64 4.29 0.24 0.64
7.84 5.02 4.96 7.56 7.79 6.63 8.72 3.45 4.49 5.93 5.17 4.18 4.49 8.45 8.66 4.42 3.77 3.77 3.93 8.25 10.23 4.98 3.93 2.42 7.79 9.64 8.99 10.47 8.25 8.16 8.22 7.56 3.97 4.96 8.75 7.46 0.0 7.84 7.4 8.72 8.72 7.56 7.84 8.01 8.08 4.62 7.14 9.32 8.55 4.77 4.7 8.92 9.45 8.78 4.62 7.62 7.62 5.73 7.21 7.62
0.0 3.38 7.42 0.29 0.6 7.72 0.88 4.39 3.44 1.91 9.85 8.08 7.77 1.26 3.69 7.99 8.25 8.25 8.09 0.41 2.61 3.81 8.09 7.1 0.6 9.78 9.73 3.28 0.41 0.32 0.38 0.29 8.65 3.18 3.6 1.56 7.84 0.0 0.52 0.88 3.75 0.29 0.0 0.17 0.24 8.97 9.48 1.48 12.78 7.25 8.88 2.04 2.25 0.94 8.97 1.72 1.72 2.73 1.32 1.72
0.52 3.9 6.9 0.22 0.45 7.22 1.39 4.91 3.96 2.43 10.25 7.56 7.25 1.12 3.17 7.47 7.73 7.73 7.57 0.91 2.89 4.33 7.57 7.5 0.45 10.3 10.25 3.14 0.91 0.82 0.88 0.22 8.51 3.6 3.09 2.07 7.4 0.52 0.0 1.39 3.23 0.22 0.52 0.68 0.74 8.45 8.97 1.99 13.3 6.73 8.37 1.53 2.11 1.44 8.45 2.23 2.23 2.23 1.83 2.23
0.88 4.27 8.29 1.16 1.47 8.59 0.0 5.28 4.32 2.8 10.73 8.95 8.64 2.13 4.56 8.86 9.12 9.12 8.96 0.82 1.73 4.69 8.96 7.98 1.47 10.66 10.61 4.15 0.82 0.73 0.79 1.16 9.53 4.07 4.47 2.44 8.72 0.88 1.39 0.0 4.62 1.16 0.88 1.05 0.65 9.84 10.35 0.96 13.66 8.12 9.75 2.91 3.12 0.06 9.84 2.6 2.6 3.6 2.2 2.6
3.75 7.13 4.11 3.46 3.6 10.07 4.62 8.14 7.19 5.66 8.12 4.77 4.46 4.26 0.06 4.68 4.94 4.94 4.78 4.14 6.04 7.56 4.78 6.3 3.6 13.53 13.36 5.09 4.14 4.06 4.11 3.46 5.72 6.83 0.15 5.31 8.72 3.75 3.23 4.62 0.0 3.46 3.75 3.91 3.97 5.66 6.18 5.22 10.61 3.94 5.58 2.42 3.84 4.67 5.66 5.47 5.47 5.08 5.06 5.47
0.29 3.68 7.13 0.0 0.31 7.42 1.16 4.69 3.74 2.21 10.14 7.79 7.47 0.97 3.4 7.69 7.96 7.96 7.8 0.69 2.75 4.1 7.8 7.39 0.31 10.07 10.02 2.99 0.69 0.6 0.66 0.0 8.74 3.47 3.31 1.85 7.56 0.29 0.22 1.16 3.46 0.0 0.29 0.46 0.52 8.68 9.19 1.76 13.07 6.96 8.59 1.75 1.96 1.22 8.68 2.01 2.01 2.44 1.61 2.01
0.0 3.38 7.42 0.29 0.6 7.72 0.88 4.39 3.44 1.91 9.85 8.08 7.77 1.26 3.69 7.99 8.25 8.25 8.09 0.41 2.61 3.81 8.09 7.1 0.6 9.78 9.73 3.28 0.41 0.32 0.38 0.29 8.65 3.18 3.6 1.56 7.84 0.0 0.52 0.88 3.75 0.29 0.0 0.17 0.24 8.97 9.48 1.48 12.78 7.25 8.88 2.04 2.25 0.94 8.97 1.72 1.72 2.73 1.32 1.72
0.17 3.55 7.58 0.46 0.76 7.88 1.05 4.56 3.61 2.08 10.02 8.25 7.93 1.42 3.86 8.15 8.41 8.41 8.26 0.27 2.77 3.98 8.26 7.26 0.76 9.94 9.89 3.45 0.27 0.35 0.41 0.46 8.81 3.35 3.77 1.72 8.01 0.17 0.68 1.05 3.91 0.46 0.17 0.0 0.4 9.14 9.65 1.65 12.94 7.42 9.05 2.21 2.42 1.1 9.14 1.88 1.88 2.89 1.48 1.88
0.24 3.62 7.64 0.52 0.82 7.94 0.65 4.63 3.68 2.15 10.09 8.3 7.99 1.48 3.91 8.21 8.47 8.47 8.31 0.17 2.37 4.05 8.31 7.33 0.82 10.02 9.96 3.5 0.17 0.08 0.14 0.52 8.89 3.42 3.83 1.79 8.08 0.24 0.74 0.65 3.97 0.52 0.24 0.4 0.0 9.19 9.71 1.25 13.02 7.47 9.11 2.27 2.48 0.7 9.19 1.95 1.95 2.95 1.55 1.95
8.97 6.48 1.9 8.68 8.82 7.14 9.84 4.91 5.95 7.39 4.03 1.23 1.43 9.48 5.61 0.98 0.85 0.85 0.99 9.36 11.26 6.44 0.99 2.21 8.82 9.92 9.27 10.31 9.36 9.28 9.33 8.68 1.63 9.25 5.69 8.92 4.62 8.97 8.45 9.84 5.66 8.68 8.97 9.14 9.19 0.0 4.08 10.44 6.51 1.72 0.13 7.64 9.06 9.9 0.0 9.08 9.08 7.34 8.68 9.08
9.48 8.99 2.59 9.19 9.34 9.65 10.35 7.42 8.47 9.9 6.54 3.19 2.9 10.0 6.12 3.1 3.36 3.36 3.2 9.88 11.78 8.95 3.2 4.72 9.34 12.43 11.78 10.82 9.88 9.79 9.85 9.19 4.14 11.76 6.21 11.04 7.14 9.48 8.97 10.35 6.18 9.19 9.48 9.65 9.71 4.08 0.0 10.96 9.03 2.36 4.0 8.15 9.58 10.41 4.08 11.2 11.2 9.85 10.8 11.2
1.48 4.87 8.89 1.76 2.07 9.19 0.96 5.88 4.93 3.4 11.34 9.55 9.24 2.73 5.16 9.46 9.72 9.72 9.56 1.42 2.69 5.3 9.56 8.58 2.07 11.26 11.21 4.75 1.42 1.33 1.39 1.76 10.14 4.67 5.08 3.04 9.32 1.48 1.99 0.96 5.22 1.76 1.48 1.65 1.25 10.44 10.96 0.0 14.26 8.72 10.36 3.52 3.73 1.01 10.44 3.2 3.2 4.2 2.8 3.2
12.78 10.41 6.85 13.07 13.38 11.42 13.66 8.83 9.37 10.87 3.62 6.07 6.38 14.04 10.55 6.31 5.67 5.67 5.82 13.19 15.39 10.3 5.82 6.35 13.38 4.79 4.14 15.25 13.19 13.1 13.16 13.07 5.09 13.17 10.64 12.39 8.55 12.78 13.3 13.66 10.61 13.07 12.78 12.94 13.02 6.51 9.03 14.26 0.0 6.67 6.59 12.58 14.01 13.72 6.51 12.56 12.56 11.62 12.15 12.56
7.25 6.63 0.35 6.96 7.1 7.29 8.12 5.06 6.1 7.54 4.18 0.83 0.54 7.76 3.89 0.74 1.0 1.0 0.84 7.64 9.54 6.59 0.84 2.36 7.1 10.07 9.42 8.59 7.64 7.56 7.61 6.96 1.78 9.4 3.97 8.81 4.77 7.25 6.73 8.12 3.94 6.96 7.25 7.42 7.47 1.72 2.36 8.72 6.67 0.0 1.63 5.92 7.34 8.18 1.72 8.97 8.97 7.49 8.57 8.97
8.88 6.56 1.82 8.59 8.74 7.22 9.75 4.99 6.03 7.47 4.11 1.28 1.35 9.4 5.52 0.9 0.93 0.93 1.03 9.28 11.18 6.52 1.03 2.29 8.74 10.0 9.35 10.22 9.28 9.19 9.25 8.59 1.71 9.33 5.61 9.0 4.7 8.88 8.37 9.75 5.58 8.59 8.88 9.05 9.11 0.13 4.0 10.36 6.59 1.63 0.0 7.55 8.98 9.81 0.13 9.16 9.16 7.42 8.76 9.16
2.04 5.43 6.09 1.75 1.9 8.36 2.91 6.44 5.49 3.96 10.1 6.75 6.43 1.91 2.36 6.65 6.92 6.92 6.76 2.44 4.34 5.86 6.76 8.27 1.9 11.82 11.77 2.67 2.44 2.35 2.41 1.75 7.69 5.13 2.27 3.6 8.92 2.04 1.53 2.91 2.42 1.75 2.04 2.21 2.27 7.64 8.15 3.52 12.58 5.92 7.55 0.0 1.43 2.97 7.64 3.76 3.76 3.37 3.36 3.76
2.25 5.64 7.51 1.96 1.66 9.25 3.12 6.65 5.7 4.17 11.52 8.18 7.86 1.0 3.78 8.08 8.34 8.34 8.18 2.65 3.99 6.07 8.18 9.35 1.66 12.03 11.98 1.24 2.65 2.56 2.62 1.96 9.12 5.43 3.7 3.81 9.45 2.25 2.11 3.12 3.84 1.96 2.25 2.42 2.48 9.06 9.58 3.73 14.01 7.34 8.98 1.43 0.0 3.18 9.06 3.97 3.97 4.26 3.57 3.97
0.94 4.32 8.34 1.22 1.52 8.64 0.06 5.33 4.38 2.85 10.79 9.01 8.69 2.18 4.62 8.91 9.18 9.18 9.02 0.87 1.79 4.75 9.02 8.04 1.52 10.72 10.67 4.21 0.87 0.79 0.84 1.22 9.59 4.12 4.53 2.49 8.78 0.94 1.44 0.06 4.67 1.22 0.94 1.1 0.7 9.9 10.41 1.01 13.72 8.18 9.81 2.97 3.18 0.0 9.9 2.66 2.66 3.65 2.25 2.66
8.97 6.48 1.9 8.68 8.82 7.14 9.84 4.91 5.95 7.39 4.03 1.23 1.43 9.48 5.61 0.98 0.85 0.85 0.99 9.36 11.26 6.44 0.99 2.21 8.82 9.92 9.27 10.31 9.36 9.28 9.33 8.68 1.63 9.25 5.69 8.92 4.62 8.97 8.45 9.84 5.66 8.68 8.97 9.14 9.19 0.0 4.08 10.44 6.51 1.72 0.13 7.64 9.06 9.9 0.0 9.08 9.08 7.34 8.68 9.08
1.72 3.16 9.14 2.01 2.32 9.43 2.6 4.17 3.22 1.69 9.63 8.64 8.94 2.98 5.41 8.87 8.23 8.23 8.39 2.12 4.32 3.59 8.39 6.87 2.32 9.55 9.5 5.0 2.12 2.04 2.09 2.01 8.43 4.9 5.32 0.64 7.62 1.72 2.23 2.6 5.47 2.01 1.72 1.88 1.95 9.08 11.2 3.2 12.56 8.97 9.16 3.76 3.97 2.66 9.08 0.0 0.0 4.45 0.4 0.0
1.72 3.16 9.14 2.01 2.32 9.43 2.6 4.17 3.22 1.69 9.63 8.64 8.94 2.98 5.41 8.87 8.23 8.23 8.39 2.12 4.32 3.59 8.39 6.87 2.32 9.55 9.5 5.0 2.12 2.04 2.09 2.01 8.43 4.9 5.32 0.64 7.62 1.72 2.23 2.6 5.47 2.01 1.72 1.88 1.95 9.08 11.2 3.2 12.56 8.97 9.16 3.76 3.97 2.66 9.08 0.0 0.0 4.45 0.4 0.0
2.73 6.11 7.67 2.44 2.6 4.99 3.6 7.12 6.17 4.64 8.02 6.89 7.2 3.26 5.02 7.13 6.49 6.49 6.65 3.12 5.04 6.54 6.65 5.27 2.6 12.51 12.33 5.29 3.12 3.04 3.09 2.44 6.82 5.81 4.93 4.29 5.73 2.73 2.23 3.6 5.08 2.44 2.73 2.89 2.95 7.34 9.85 4.2 11.62 7.49 7.42 3.37 4.26 3.65 7.34 4.45 4.45 0.0 4.04 4.45
1.32 2.76 8.73 1.61 1.91 9.03 2.2 3.77 2.82 1.29 9.22 8.23 8.54 2.57 5.01 8.47 7.83 7.83 7.99 1.72 3.92 3.18 7.99 6.47 1.91 9.15 9.1 4.6 1.72 1.63 1.69 1.61 8.02 4.5 4.92 0.24 7.21 1.32 1.83 2.2 5.06 1.61 1.32 1.48 1.55 8.68 10.8 2.8 12.15 8.57 8.76 3.36 3.57 2.25 8.68 0.4 0.4 4.04 0.0 0.4
1.72 3.16 9.14 2.01 2.32 9.43 2.6 4.17 3.22 1.69 9.63 8.64 8.94 2.98 5.41 8.87 8.23 8.23 8.39 2.12 4.32 3.59 8.39 6.87 2.32 9.55 9.5 5.0 2.12 2.04 2.09 2.01 8.43 4.9 5.32 0.64 7.62 1.72 2.23 2.6 5.47 2.01 1.72 1.88 1.95 9.08 11.2 3.2 12.56 8.97 9.16 3.76 3.97 2.66 9.08 0.0 0.0 4.45 0.4 0.0
