0.0 7.84 6.34 17.69 2.69 17.51 15.42 19.67 23.62 7.56 27.02 3.76 14.21 14.29 23.34 19.33 15.28 6.94 13.03 9.3 17.57 4.68 3.39 13.23 7.67
7.84 0.0 9.97 21.19 10.13 21.95 22.55 24.23 27.12 9.42 30.37 6.94 12.64 10.63 26.84 21.16 17.01 13.86 7.04 2.05 21.08 5.15 7.82 20.44 9.29
6.34 9.97 0.0 22.87 4.43 20.95 13.18 17.73 28.8 1.43 32.19 3.5 18.22 16.41 28.51 24.49 20.44 4.49 15.15 11.42 22.75 6.8 9.37 11.0 1.55
17.69 21.19 22.87 0.0 19.79 4.89 17.13 10.37 6.14 24.06 9.53 19.85 16.55 18.22 5.85 10.71 12.54 21.81 18.35 22.65 2.77 16.36 14.62 14.27 24.18
2.69 10.13 4.43 19.79 0.0 18.07 13.27 17.81 25.72 5.19 29.12 3.67 16.54 16.58 25.44 21.66 17.61 4.58 15.32 11.59 19.23 6.97 5.72 11.09 5.31
17.51 21.95 20.95 4.89 18.07 0.0 12.58 5.82 9.57 21.71 12.96 19.14 17.3 18.97 9.28 12.67 14.29 18.48 19.11 23.4 2.48 17.12 15.37 10.94 21.83
15.42 22.55 13.18 17.13 13.27 12.58 0.0 7.15 19.85 13.94 23.25 16.41 27.98 29.08 19.57 24.92 26.54 10.04 27.76 24.0 14.73 19.47 18.18 6.45 14.06
19.67 24.23 17.73 10.37 17.81 5.82 7.15 0.0 13.09 18.49 16.49 20.94 22.27 23.94 12.81 18.16 19.78 15.19 24.07 25.68 7.97 21.06 19.42 7.08 18.6
23.62 27.12 28.8 6.14 25.72 9.57 19.85 13.09 0.0 29.99 3.73 25.78 18.99 21.71 2.59 9.62 13.87 27.01 22.35 28.58 8.11 22.3 20.55 19.47 30.11
7.56 9.42 1.43 24.06 5.19 21.71 13.94 18.49 29.99 0.0 33.39 4.83 18.07 16.22 29.71 25.67 21.63 5.25 14.63 10.88 23.86 8.02 10.59 11.77 0.62
27.02 30.37 32.19 9.53 29.12 12.96 23.25 16.49 3.73 33.39 0.0 29.17 21.02 23.75 5.98 9.7 15.9 30.4 24.38 31.5 11.51 25.69 23.94 22.86 33.5
3.76 6.94 3.5 19.85 3.67 19.14 16.41 20.94 25.78 4.83 29.17 0.0 15.2 13.39 25.49 21.47 17.42 7.89 12.13 8.4 19.73 3.78 6.33 14.22 4.95
14.21 12.64 18.22 16.55 16.54 17.3 27.98 22.27 18.99 18.07 21.02 15.2 0.0 5.26 20.29 11.81 5.97 20.79 6.45 13.76 16.44 11.72 11.12 22.22 17.94
14.29 10.63 16.41 18.22 16.58 18.97 29.08 23.94 21.71 16.22 23.75 13.39 5.26 0.0 23.01 14.54 8.93 20.66 4.44 11.76 18.11 9.91 12.3 23.89 16.09
23.34 26.84 28.51 5.85 25.44 9.28 19.57 12.81 2.59 29.71 5.98 25.49 20.29 23.01 0.0 10.92 15.17 26.72 23.65 28.3 7.83 22.01 20.26 19.18 29.82
19.33 21.16 24.49 10.71 21.66 12.67 24.92 18.16 9.62 25.67 9.7 21.47 11.81 14.54 10.92 0.0 6.69 25.54 15.18 22.29 10.65 17.99 16.24 20.63 25.79
15.28 17.01 20.44 12.54 17.61 14.29 26.54 19.78 13.87 21.63 15.9 17.42 5.97 8.93 15.17 6.69 0.0 21.49 10.82 18.13 12.47 13.94 12.19 22.24 21.74
6.94 13.86 4.49 21.81 4.58 18.48 10.04 15.19 27.01 5.25 30.4 7.89 20.79 20.66 26.72 25.54 21.49 0.0 19.07 15.31 20.63 11.18 9.97 8.47 5.37
13.03 7.04 15.15 18.35 15.32 19.11 27.76 24.07 22.35 14.63 24.38 12.13 6.45 4.44 23.65 15.18 10.82 19.07 0.0 7.68 18.24 9.9 12.29 24.02 14.5
9.3 2.05 11.42 22.65 11.59 23.4 24.0 25.68 28.58 10.88 31.5 8.4 13.76 11.76 28.3 22.29 18.13 15.31 7.68 0.0 22.53 6.61 9.27 21.9 10.74
17.57 21.08 22.75 2.77 19.23 2.48 14.73 7.97 8.11 23.86 11.51 19.73 16.44 18.11 7.83 10.65 12.47 20.63 18.24 22.53 0.0 16.25 14.5 13.09 23.98
4.68 5.15 6.8 16.36 6.97 17.12 19.47 21.06 22.3 8.02 25.69 3.78 11.72 9.91 22.01 17.99 13.94 11.18 9.9 6.61 16.25 0.0 4.54 17.28 8.14
3.39 7.82 9.37 14.62 5.72 15.37 18.18 19.42 20.55 10.59 23.94 6.33 11.12 12.3 20.26 16.24 12.19 9.97 12.29 9.27 14.5 4.54 0.0 15.99 10.71
13.23 20.44 11.0 14.27 11.09 10.94 6.45 7.08 19.47 11.77 22.86 14.22 22.22 23.89 19.18 20.63 22.24 8.47 24.02 21.9 13.09 17.28 15.99 0.0 11.88
7.67 9.29 1.55 24.18 5.31 21.83 14.06 18.6 30.11 0.62 33.5 4.95 17.94 16.09 29.82 25.79 21.74 5.37 14.5 10.74 23.98 8.14 10.71 11.88 0.0
