0.0 10.69 0.41 3.79 7.81 1.04 0.69 7.5 3.8 8.48 0.17 4.8 4.8 2.4 8.94 7.5 8.48 8.16 8.02 8.02 0.7 4.37 9.52 8.52 0.41 2.07 9.02 8.48 1.96 3.8 0.6 2.09 1.42 0.75 7.29 8.91 6.44 2.44 0.09 0.09 0.87 0.14 0.41 0.87 9.06 2.42 7.64 2.03 3.63 8.25 4.37 1.38 11.6 0.27 5.0 0.87 5.34 5.72 0.72 0.41 0.27 2.03 6.98 0.69 11.0 8.11 2.86 8.94 9.32 10.52 11.6 2.12 2.12 2.12 1.8 2.12 2.12 2.12 2.12 12.21
10.69 0.0 10.29 7.46 3.68 10.1 10.46 3.19 6.89 2.66 10.52 5.89 5.89 10.58 2.15 3.19 2.91 3.21 3.13 3.13 11.22 7.4 3.5 2.63 10.29 10.01 2.03 2.66 9.9 6.89 10.1 9.07 11.77 10.39 3.4 1.87 4.96 9.42 10.61 10.61 11.23 10.66 10.29 10.28 1.93 10.61 3.5 8.67 12.04 5.61 7.4 11.9 0.91 10.45 6.37 10.28 8.64 5.87 10.45 10.29 10.45 8.67 5.83 10.46 7.15 3.22 9.84 2.15 3.24 1.38 0.91 10.06 10.06 10.06 9.74 10.06 10.06 10.06 10.06 2.35
0.41 10.29 0.0 3.38 7.42 0.65 0.29 7.1 3.4 8.09 0.24 4.39 4.39 2.0 8.53 7.1 8.08 7.77 7.62 7.62 0.94 3.97 9.12 8.12 0.0 1.66 8.62 8.09 1.56 3.4 0.19 1.69 1.48 0.36 6.89 8.5 6.05 2.04 0.32 0.32 0.94 0.38 0.0 0.47 8.65 2.02 7.25 1.62 3.24 7.84 3.97 1.61 11.2 0.17 4.61 0.47 4.94 5.32 0.31 0.0 0.17 1.62 6.57 0.29 10.59 7.71 2.46 8.53 8.93 10.12 11.2 1.72 1.72 1.72 1.39 1.72 1.72 1.72 1.72 11.8
3.79 7.46 3.38 0.0 6.82 4.03 3.68 4.28 1.88 5.79 3.62 1.57 1.57 5.38 5.71 4.28 6.04 6.34 6.26 6.26 4.32 2.45 6.64 5.76 3.38 3.1 5.8 5.79 3.0 1.88 3.19 5.08 4.87 3.74 4.06 5.68 8.09 5.43 3.7 3.7 4.32 3.76 3.38 3.86 5.83 5.41 6.63 1.76 6.62 5.02 2.45 4.99 8.37 3.55 7.99 3.86 8.33 6.95 3.69 3.38 3.55 1.76 4.73 3.68 9.07 6.35 5.85 5.71 6.37 7.29 8.37 3.16 3.16 3.16 2.83 3.16 3.16 3.16 3.16 9.43
7.81 3.68 7.42 6.82 0.0 6.77 7.13 2.54 6.24 1.02 7.64 5.24 5.24 7.25 1.54 2.54 1.01 0.68 0.55 0.55 8.34 6.75 2.06 1.06 7.42 9.08 1.66 1.02 8.98 6.24 7.61 5.73 8.89 7.06 2.75 1.81 1.63 6.09 7.73 7.73 8.34 7.78 7.42 6.94 1.96 7.28 0.35 8.02 8.71 4.96 6.75 9.02 4.59 7.58 3.04 6.94 5.31 5.08 7.12 7.42 7.58 8.02 5.18 7.13 10.19 0.65 6.51 1.54 1.86 4.29 4.59 9.14 9.14 9.14 8.81 9.14 9.14 9.14 9.14 6.03
1.04 10.1 0.65 4.03 6.77 0.0 0.35 7.37 4.04 7.44 0.87 5.04 5.04 1.9 7.95 7.37 7.43 7.12 6.97 6.97 1.57 4.62 8.48 7.48 0.65 2.31 8.08 7.44 2.2 4.04 0.84 1.05 2.12 0.29 7.54 8.23 5.4 1.4 0.95 0.95 1.57 1.01 0.65 0.17 8.38 1.92 6.6 2.27 3.14 7.53 4.62 2.25 11.01 0.81 3.96 0.17 4.3 4.7 0.35 0.65 0.81 2.27 7.22 0.36 11.24 7.07 1.82 7.95 8.28 10.39 11.01 2.37 2.37 2.37 2.04 2.37 2.37 2.37 2.37 12.45
0.69 10.46 0.29 3.68 7.13 0.35 0.0 7.39 3.69 7.8 0.52 4.69 4.69 1.71 8.31 7.39 7.79 7.47 7.33 7.33 1.22 4.26 8.83 7.83 0.29 1.96 8.43 7.8 1.85 3.69 0.48 1.4 1.76 0.07 7.18 8.59 5.76 1.75 0.6 0.6 1.22 0.66 0.29 0.18 8.74 1.73 6.96 1.91 2.95 7.56 4.26 1.89 11.37 0.46 4.31 0.18 4.65 5.03 0.09 0.29 0.46 1.91 6.86 0.0 10.89 7.42 2.17 8.31 8.63 10.41 11.37 2.01 2.01 2.01 1.69 2.01 2.01 2.01 2.01 12.09
7.5 3.19 7.1 4.28 2.54 7.37 7.39 0.0 3.7 1.52 7.33 2.7 2.7 9.1 1.44 0.0 1.76 2.07 1.99 1.99 8.03 4.21 2.36 1.48 7.1 6.82 1.52 1.52 6.71 3.7 6.91 7.92 8.58 7.46 0.21 1.4 3.82 8.27 7.42 7.42 8.04 7.47 7.1 7.52 1.55 9.12 2.36 5.48 10.34 2.42 4.21 8.71 4.1 7.26 5.23 7.52 7.5 2.68 7.41 7.1 7.26 5.48 2.64 7.39 7.65 2.08 8.69 1.44 2.1 3.02 4.1 6.87 6.87 6.87 6.55 6.87 6.87 6.87 6.87 5.54
3.8 6.89 3.4 1.88 6.24 4.04 3.69 3.7 0.0 5.22 3.63 1.0 1.0 5.4 5.14 3.7 5.46 5.77 5.69 5.69 4.33 0.57 6.06 5.18 3.4 3.12 5.22 5.22 3.01 0.0 3.2 5.09 4.88 3.76 3.49 5.1 7.52 5.44 3.72 3.72 4.34 3.77 3.4 3.87 5.25 5.42 6.06 1.78 6.64 4.44 0.57 5.01 7.8 3.56 8.0 3.87 8.34 6.38 3.71 3.4 3.56 1.78 3.17 3.69 7.2 5.78 5.86 5.14 5.8 6.72 7.8 3.17 3.17 3.17 2.85 3.17 3.17 3.17 3.17 8.4
8.48 2.66 8.09 5.79 1.02 7.44 7.8 1.52 5.22 0.0 8.31 4.22 4.22 7.92 0.51 1.52 0.25 0.55 0.47 0.47 9.01 5.73 1.14 0.03 8.09 8.34 0.63 0.0 8.23 5.22 8.28 6.41 9.56 7.73 1.73 0.79 2.3 6.76 8.4 8.4 9.02 8.45 8.09 7.62 0.94 7.95 0.84 6.99 9.39 3.93 5.73 9.69 3.57 8.26 3.71 7.62 5.98 4.05 7.79 8.09 8.26 6.99 4.16 7.8 9.16 0.56 7.18 0.51 0.88 3.27 3.57 8.39 8.39 8.39 8.07 8.39 8.39 8.39 8.39 5.01
0.17 10.52 0.24 3.62 7.64 0.87 0.52 7.33 3.63 8.31 0.0 4.63 4.63 2.22 8.77 7.33 8.3 7.99 7.84 7.84 0.7 4.2 9.35 8.35 0.24 1.9 8.85 8.31 1.79 3.63 0.43 1.92 1.25 0.58 7.12 8.74 6.27 2.27 0.08 0.08 0.7 0.14 0.24 0.7 8.89 2.25 7.47 1.86 3.46 8.08 4.2 1.37 11.43 0.4 4.83 0.7 5.17 5.54 0.54 0.24 0.4 1.86 6.81 0.52 10.83 7.94 2.69 8.77 9.15 10.35 11.43 1.95 1.95 1.95 1.63 1.95 1.95 1.95 1.95 12.04
4.8 5.89 4.39 1.57 5.24 5.04 4.69 2.7 1.0 4.22 4.63 0.0 0.0 6.4 4.14 2.7 4.47 4.77 4.69 4.69 5.33 1.51 5.07 4.19 4.39 4.12 4.22 4.22 4.01 1.0 4.2 6.09 5.88 4.75 2.49 4.11 6.52 6.44 4.71 4.71 5.33 4.77 4.39 4.87 4.26 6.42 5.06 2.77 7.63 3.45 1.51 6.0 6.8 4.56 7.93 4.87 9.34 5.38 4.7 4.39 4.56 2.77 3.16 4.69 8.09 4.78 6.86 4.14 4.8 5.72 6.8 4.17 4.17 4.17 3.85 4.17 4.17 4.17 4.17 7.85
4.8 5.89 4.39 1.57 5.24 5.04 4.69 2.7 1.0 4.22 4.63 0.0 0.0 6.4 4.14 2.7 4.47 4.77 4.69 4.69 5.33 1.51 5.07 4.19 4.39 4.12 4.22 4.22 4.01 1.0 4.2 6.09 5.88 4.75 2.49 4.11 6.52 6.44 4.71 4.71 5.33 4.77 4.39 4.87 4.26 6.42 5.06 2.77 7.63 3.45 1.51 6.0 6.8 4.56 7.93 4.87 9.34 5.38 4.7 4.39 4.56 2.77 3.16 4.69 8.09 4.78 6.86 4.14 4.8 5.72 6.8 4.17 4.17 4.17 3.85 4.17 4.17 4.17 4.17 7.85
2.4 10.58 2.0 5.38 7.25 1.9 1.71 9.1 5.4 7.92 2.22 6.4 6.4 0.0 8.43 9.1 7.91 7.6 7.45 7.45 2.93 5.97 8.95 7.95 2.0 3.67 8.55 7.92 3.56 5.4 2.19 1.51 3.47 1.76 8.89 8.71 5.88 1.16 2.31 2.31 2.93 2.36 2.0 1.82 8.86 0.04 7.08 3.62 1.48 9.19 5.97 3.6 11.49 2.17 4.43 1.82 4.77 6.6 1.8 2.0 2.17 3.62 8.57 1.71 12.6 7.54 0.74 8.43 8.75 11.19 11.49 3.72 3.72 3.72 3.4 3.72 3.72 3.72 3.72 12.93
8.94 2.15 8.53 5.71 1.54 7.95 8.31 1.44 5.14 0.51 8.77 4.14 4.14 8.43 0.0 1.44 0.76 1.06 0.98 0.98 9.47 5.65 1.36 0.48 8.53 8.26 0.12 0.51 8.15 5.14 8.34 6.92 10.02 8.24 1.65 0.28 2.81 7.27 8.85 8.85 9.47 8.91 8.53 8.13 0.43 8.46 1.35 6.91 9.9 3.85 5.65 10.14 3.06 8.7 4.22 8.13 6.49 4.04 8.3 8.53 8.7 6.91 4.08 8.31 9.08 1.07 7.69 0.0 1.09 2.76 3.06 8.31 8.31 8.31 7.99 8.31 8.31 8.31 8.31 4.5
7.5 3.19 7.1 4.28 2.54 7.37 7.39 0.0 3.7 1.52 7.33 2.7 2.7 9.1 1.44 0.0 1.76 2.07 1.99 1.99 8.03 4.21 2.36 1.48 7.1 6.82 1.52 1.52 6.71 3.7 6.91 7.92 8.58 7.46 0.21 1.4 3.82 8.27 7.42 7.42 8.04 7.47 7.1 7.52 1.55 9.12 2.36 5.48 10.34 2.42 4.21 8.71 4.1 7.26 5.23 7.52 7.5 2.68 7.41 7.1 7.26 5.48 2.64 7.39 7.65 2.08 8.69 1.44 2.1 3.02 4.1 6.87 6.87 6.87 6.55 6.87 6.87 6.87 6.87 5.54
8.48 2.91 8.08 6.04 1.01 7.43 7.79 1.76 5.46 0.25 8.3 4.47 4.47 7.91 0.76 1.76 0.0 0.54 0.46 0.46 9.01 5.98 1.39 0.28 8.08 8.58 0.88 0.25 8.48 5.46 8.27 6.4 9.55 7.72 1.97 1.03 2.29 6.75 8.39 8.39 9.01 8.44 8.08 7.61 1.18 7.94 0.83 7.24 9.38 4.18 5.98 9.68 3.81 8.25 3.7 7.61 5.97 4.3 7.78 8.08 8.25 7.24 4.4 7.79 9.41 0.55 7.17 0.76 1.13 3.52 3.81 8.64 8.64 8.64 8.31 8.64 8.64 8.64 8.64 5.25
8.16 3.21 7.77 6.34 0.68 7.12 7.47 2.07 5.77 0.55 7.99 4.77 4.77 7.6 1.06 2.07 0.54 0.0 0.19 0.19 8.69 6.28 1.59 0.59 7.77 8.89 1.19 0.55 8.78 5.77 7.96 6.08 9.24 7.41 2.28 1.34 1.98 6.43 8.07 8.07 8.69 8.13 7.77 7.29 1.49 7.63 0.54 7.55 9.06 4.49 6.28 9.36 4.12 7.93 3.39 7.29 5.65 4.61 7.47 7.77 7.93 7.55 4.71 7.47 9.72 0.28 6.85 1.06 1.39 3.82 4.12 8.94 8.94 8.94 8.62 8.94 8.94 8.94 8.94 5.56
8.02 3.13 7.62 6.26 0.55 6.97 7.33 1.99 5.69 0.47 7.84 4.69 4.69 7.45 0.98 1.99 0.46 0.19 0.0 0.0 8.55 6.2 1.5 0.5 7.62 8.81 1.1 0.47 8.7 5.69 7.81 5.94 9.09 7.26 2.2 1.26 1.83 6.29 7.93 7.93 8.55 7.98 7.62 7.15 1.41 7.48 0.37 7.46 8.92 4.4 6.2 9.22 4.04 7.79 3.24 7.15 5.51 4.52 7.32 7.62 7.79 7.46 4.63 7.33 9.63 0.09 6.71 0.98 1.3 3.74 4.04 8.86 8.86 8.86 8.54 8.86 8.86 8.86 8.86 5.48
8.02 3.13 7.62 6.26 0.55 6.97 7.33 1.99 5.69 0.47 7.84 4.69 4.69 7.45 0.98 1.99 0.46 0.19 0.0 0.0 8.55 6.2 1.5 0.5 7.62 8.81 1.1 0.47 8.7 5.69 7.81 5.94 9.09 7.26 2.2 1.26 1.83 6.29 7.93 7.93 8.55 7.98 7.62 7.15 1.41 7.48 0.37 7.46 8.92 4.4 6.2 9.22 4.04 7.79 3.24 7.15 5.51 4.52 7.32 7.62 7.79 7.46 4.63 7.33 9.63 0.09 6.71 0.98 1.3 3.74 4.04 8.86 8.86 8.86 8.54 8.86 8.86 8.86 8.86 5.48
0.7 11.22 0.94 4.32 8.34 1.57 1.22 8.03 4.33 9.01 0.7 5.33 5.33 2.93 9.47 8.03 9.01 8.69 8.55 8.55 0.0 4.9 10.05 9.05 0.94 2.6 9.55 9.01 2.49 4.33 1.13 2.62 1.95 1.28 7.82 9.44 6.97 2.97 0.62 0.62 1.4 0.56 0.94 1.4 9.59 2.95 8.17 2.56 4.16 8.78 4.9 0.67 12.13 0.97 5.53 1.4 5.87 6.25 1.25 0.94 0.97 2.56 7.51 1.22 11.53 8.64 3.39 9.47 9.85 11.05 12.13 2.65 2.65 2.65 2.33 2.65 2.65 2.65 2.65 12.74
4.37 7.4 3.97 2.45 6.75 4.62 4.26 4.21 0.57 5.73 4.2 1.51 1.51 5.97 5.65 4.21 5.98 6.28 6.2 6.2 4.9 0.0 6.57 5.7 3.97 3.69 5.73 5.73 3.58 0.57 3.78 5.66 5.45 4.33 4.0 5.62 8.03 6.01 4.29 4.29 4.91 4.34 3.97 4.44 5.77 5.99 6.57 2.35 7.21 4.96 0.0 5.58 8.31 4.13 8.57 4.44 8.91 6.89 4.28 3.97 4.13 2.35 3.28 4.26 6.63 6.29 6.43 5.65 6.31 7.23 8.31 3.74 3.74 3.74 3.42 3.74 3.74 3.74 3.74 8.19
9.52 3.5 9.12 6.64 2.06 8.48 8.83 2.36 6.06 1.14 9.35 5.07 5.07 8.95 1.36 2.36 1.39 1.59 1.5 1.5 10.05 6.57 0.0 1.12 9.12 9.18 1.48 1.14 9.07 6.06 9.27 7.44 10.6 8.77 2.57 1.63 3.34 7.79 9.43 9.43 10.05 9.49 9.12 8.65 1.78 8.99 1.87 7.84 10.42 4.78 6.57 10.72 4.41 9.29 4.74 8.65 7.01 4.9 8.83 9.12 9.29 7.84 5.0 8.83 10.01 1.6 8.21 1.36 0.26 4.11 4.41 9.24 9.24 9.24 8.91 9.24 9.24 9.24 9.24 5.85
8.52 2.63 8.12 5.76 1.06 7.48 7.83 1.48 5.18 0.03 8.35 4.19 4.19 7.95 0.48 1.48 0.28 0.59 0.5 0.5 9.05 5.7 1.12 0.0 8.12 8.3 0.6 0.03 8.2 5.18 8.32 6.44 9.6 7.76 1.69 0.75 2.34 6.79 8.43 8.43 9.05 8.49 8.12 7.65 0.9 7.99 0.87 6.96 9.42 3.9 5.7 9.72 3.53 8.29 3.74 7.65 6.01 4.02 7.83 8.12 8.29 6.96 4.12 7.83 9.13 0.6 7.21 0.48 0.86 3.24 3.53 8.36 8.36 8.36 8.03 8.36 8.36 8.36 8.36 4.97
0.41 10.29 0.0 3.38 7.42 0.65 0.29 7.1 3.4 8.09 0.24 4.39 4.39 2.0 8.53 7.1 8.08 7.77 7.62 7.62 0.94 3.97 9.12 8.12 0.0 1.66 8.62 8.09 1.56 3.4 0.19 1.69 1.48 0.36 6.89 8.5 6.05 2.04 0.32 0.32 0.94 0.38 0.0 0.47 8.65 2.02 7.25 1.62 3.24 7.84 3.97 1.61 11.2 0.17 4.61 0.47 4.94 5.32 0.31 0.0 0.17 1.62 6.57 0.29 10.59 7.71 2.46 8.53 8.93 10.12 11.2 1.72 1.72 1.72 1.39 1.72 1.72 1.72 1.72 11.8
2.07 10.01 1.66 3.1 9.08 2.31 1.96 6.82 3.12 8.34 1.9 4.12 4.12 3.67 8.26 6.82 8.58 8.89 8.81 8.81 2.6 3.69 9.18 8.3 1.66 0.0 8.34 8.34 0.44 3.12 1.47 3.36 3.15 2.02 6.61 8.22 7.71 3.71 1.98 1.98 2.6 2.04 1.66 2.14 8.37 3.69 8.91 1.34 4.9 7.56 3.69 3.27 10.92 1.83 6.27 2.14 6.61 6.99 1.97 1.66 1.83 1.34 6.29 1.96 10.31 8.9 4.13 8.26 8.92 9.84 10.92 0.75 0.75 0.75 0.27 0.75 0.75 0.75 0.75 11.52
9.02 2.03 8.62 5.8 1.66 8.08 8.43 1.52 5.22 0.63 8.85 4.22 4.22 8.55 0.12 1.52 0.88 1.19 1.1 1.1 9.55 5.73 1.48 0.6 8.62 8.34 0.0 0.63 8.23 5.22 8.43 7.04 10.1 8.37 1.73 0.15 2.94 7.39 8.94 8.94 9.56 8.99 8.62 8.25 0.3 8.59 1.47 7.0 10.02 3.94 5.73 10.23 2.93 8.78 4.34 8.25 6.61 4.16 8.43 8.62 8.78 7.0 4.16 8.43 9.17 1.2 7.81 0.12 1.22 2.64 2.93 8.39 8.39 8.39 8.07 8.39 8.39 8.39 8.39 4.37
8.48 2.66 8.09 5.79 1.02 7.44 7.8 1.52 5.22 0.0 8.31 4.22 4.22 7.92 0.51 1.52 0.25 0.55 0.47 0.47 9.01 5.73 1.14 0.03 8.09 8.34 0.63 0.0 8.23 5.22 8.28 6.41 9.56 7.73 1.73 0.79 2.3 6.76 8.4 8.4 9.02 8.45 8.09 7.62 0.94 7.95 0.84 6.99 9.39 3.93 5.73 9.69 3.57 8.26 3.71 7.62 5.98 4.05 7.79 8.09 8.26 6.99 4.16 7.8 9.16 0.56 7.18 0.51 0.88 3.27 3.57 8.39 8.39 8.39 8.07 8.39 8.39 8.39 8.39 5.01
1.96 9.9 1.56 3.0 8.98 2.2 1.85 6.71 3.01 8.23 1.79 4.01 4.01 3.56 8.15 6.71 8.48 8.78 8.7 8.7 2.49 3.58 9.07 8.2 1.56 0.44 8.23 8.23 0.0 3.01 1.36 3.25 3.04 1.92 6.5 8.11 7.61 3.6 1.88 1.88 2.49 1.93 1.56 2.03 8.26 3.58 8.81 1.24 4.8 7.46 3.58 3.17 10.81 1.72 6.16 2.03 6.5 6.88 1.87 1.56 1.72 1.24 6.19 1.85 10.21 8.79 4.02 8.15 8.81 9.73 10.81 0.64 0.64 0.64 0.16 0.64 0.64 0.64 0.64 11.41
3.8 6.89 3.4 1.88 6.24 4.04 3.69 3.7 0.0 5.22 3.63 1.0 1.0 5.4 5.14 3.7 5.46 5.77 5.69 5.69 4.33 0.57 6.06 5.18 3.4 3.12 5.22 5.22 3.01 0.0 3.2 5.09 4.88 3.76 3.49 5.1 7.52 5.44 3.72 3.72 4.34 3.77 3.4 3.87 5.25 5.42 6.06 1.78 6.64 4.44 0.57 5.01 7.8 3.56 8.0 3.87 8.34 6.38 3.71 3.4 3.56 1.78 3.17 3.69 7.2 5.78 5.86 5.14 5.8 6.72 7.8 3.17 3.17 3.17 2.85 3.17 3.17 3.17 3.17 8.4
0.6 10.1 0.19 3.19 7.61 0.84 0.48 6.91 3.2 8.28 0.43 4.2 4.2 2.19 8.34 6.91 8.27 7.96 7.81 7.81 1.13 3.78 9.27 8.32 0.19 1.47 8.43 8.28 1.36 3.2 0.0 1.89 1.68 0.55 6.7 8.31 6.24 2.24 0.51 0.51 1.13 0.57 0.19 0.67 8.46 2.22 7.44 1.43 3.43 7.65 3.78 1.8 11.0 0.36 4.8 0.67 5.14 5.51 0.5 0.19 0.36 1.43 6.38 0.48 10.4 7.91 2.66 8.34 9.01 9.92 11.0 1.53 1.53 1.53 1.2 1.53 1.53 1.53 1.53 11.61
2.09 9.07 1.69 5.08 5.73 1.05 1.4 7.92 5.09 6.41 1.92 6.09 6.09 1.51 6.92 7.92 6.4 6.08 5.94 5.94 2.62 5.66 7.44 6.44 1.69 3.36 7.04 6.41 3.25 5.09 1.89 0.0 3.17 1.33 8.13 7.19 4.37 0.35 2.0 2.0 2.62 2.06 1.69 1.22 7.34 1.55 5.57 3.31 2.98 8.57 5.66 3.29 9.97 1.86 2.92 1.22 3.26 5.61 1.4 1.69 1.86 3.31 8.26 1.4 12.29 6.03 0.77 6.92 7.24 9.68 9.97 3.41 3.41 3.41 3.09 3.41 3.41 3.41 3.41 11.41
1.42 11.77 1.48 4.87 8.89 2.12 1.76 8.58 4.88 9.56 1.25 5.88 5.88 3.47 10.02 8.58 9.55 9.24 9.09 9.09 1.95 5.45 10.6 9.6 1.48 3.15 10.1 9.56 3.04 4.88 1.68 3.17 0.0 1.83 8.37 9.99 7.52 3.52 1.33 1.33 1.01 1.39 1.48 1.95 10.14 3.49 8.72 3.11 4.71 9.32 5.45 2.62 12.68 1.65 6.08 1.95 6.42 6.79 1.79 1.48 1.65 3.11 8.06 1.76 12.08 9.19 3.94 10.02 10.4 11.6 12.68 3.2 3.2 3.2 2.88 3.2 3.2 3.2 3.2 13.28
0.75 10.39 0.36 3.74 7.06 0.29 0.07 7.46 3.76 7.73 0.58 4.75 4.75 1.76 8.24 7.46 7.72 7.41 7.26 7.26 1.28 4.33 8.77 7.76 0.36 2.02 8.37 7.73 1.92 3.76 0.55 1.33 1.83 0.0 7.25 8.52 5.69 1.68 0.67 0.67 1.28 0.72 0.36 0.12 8.67 1.78 6.89 1.98 2.99 7.49 4.33 1.96 11.3 0.52 4.25 0.12 4.58 4.96 0.11 0.36 0.52 1.98 6.93 0.07 10.95 7.35 2.1 8.24 8.57 10.48 11.3 2.08 2.08 2.08 1.75 2.08 2.08 2.08 2.08 12.16
7.29 3.4 6.89 4.06 2.75 7.54 7.18 0.21 3.49 1.73 7.12 2.49 2.49 8.89 1.65 0.21 1.97 2.28 2.2 2.2 7.82 4.0 2.57 1.69 6.89 6.61 1.73 1.73 6.5 3.49 6.7 8.13 8.37 7.25 0.0 1.61 4.03 8.48 7.21 7.21 7.83 7.26 6.89 7.36 1.76 8.91 2.57 5.27 10.13 2.21 4.0 8.5 4.31 7.05 5.44 7.36 7.71 2.89 7.2 6.89 7.05 5.27 2.43 7.18 7.44 2.29 8.9 1.65 2.31 3.23 4.31 6.66 6.66 6.66 6.34 6.66 6.66 6.66 6.66 5.42
8.91 1.87 8.5 5.68 1.81 8.23 8.59 1.4 5.1 0.79 8.74 4.11 4.11 8.71 0.28 1.4 1.03 1.34 1.26 1.26 9.44 5.62 1.63 0.75 8.5 8.22 0.15 0.79 8.11 5.1 8.31 7.19 9.99 8.52 1.61 0.0 3.09 7.55 8.82 8.82 9.44 8.88 8.5 8.4 0.15 8.74 1.63 6.88 10.17 3.82 5.62 10.11 2.78 8.67 4.5 8.4 6.77 4.08 8.58 8.5 8.67 6.88 4.04 8.59 9.02 1.35 7.97 0.28 1.37 2.49 2.78 8.28 8.28 8.28 7.95 8.28 8.28 8.28 8.28 4.22
6.44 4.96 6.05 8.09 1.63 5.4 5.76 3.82 7.52 2.3 6.27 6.52 6.52 5.88 2.81 3.82 2.29 1.98 1.83 1.83 6.97 8.03 3.34 2.34 6.05 7.71 2.94 2.3 7.61 7.52 6.24 4.37 7.52 5.69 4.03 3.09 0.0 4.72 6.36 6.36 6.98 6.41 6.05 5.58 3.24 5.91 1.46 7.67 7.34 6.24 8.03 7.65 5.87 6.22 1.67 5.58 3.94 6.36 5.75 6.05 6.22 7.67 6.46 5.76 11.47 1.93 5.14 2.81 3.14 5.57 5.87 7.77 7.77 7.77 7.44 7.77 7.77 7.77 7.77 7.31
2.44 9.42 2.04 5.43 6.09 1.4 1.75 8.27 5.44 6.76 2.27 6.44 6.44 1.16 7.27 8.27 6.75 6.43 6.29 6.29 2.97 6.01 7.79 6.79 2.04 3.71 7.39 6.76 3.6 5.44 2.24 0.35 3.52 1.68 8.48 7.55 4.72 0.0 2.35 2.35 2.97 2.41 2.04 1.57 7.69 1.2 5.92 3.67 2.63 8.92 6.01 3.64 10.32 2.21 3.27 1.57 3.61 5.97 1.75 2.04 2.21 3.67 8.62 1.75 12.64 6.38 0.42 7.27 7.59 10.03 10.32 3.76 3.76 3.76 3.44 3.76 3.76 3.76 3.76 11.77
0.09 10.61 0.32 3.7 7.73 0.95 0.6 7.42 3.72 8.4 0.08 4.71 4.71 2.31 8.85 7.42 8.39 8.07 7.93 7.93 0.62 4.29 9.43 8.43 0.32 1.98 8.94 8.4 1.88 3.72 0.51 2.0 1.33 0.67 7.21 8.82 6.36 2.35 0.0 0.0 0.79 0.06 0.32 0.78 8.97 2.33 7.56 1.94 3.55 8.16 4.29 1.29 11.51 0.35 4.91 0.78 5.25 5.63 0.63 0.32 0.35 1.94 6.89 0.6 10.91 8.02 2.77 8.85 9.23 10.43 11.51 2.04 2.04 2.04 1.71 2.04 2.04 2.04 2.04 12.12
0.09 10.61 0.32 3.7 7.73 0.95 0.6 7.42 3.72 8.4 0.08 4.71 4.71 2.31 8.85 7.42 8.39 8.07 7.93 7.93 0.62 4.29 9.43 8.43 0.32 1.98 8.94 8.4 1.88 3.72 0.51 2.0 1.33 0.67 7.21 8.82 6.36 2.35 0.0 0.0 0.79 0.06 0.32 0.78 8.97 2.33 7.56 1.94 3.55 8.16 4.29 1.29 11.51 0.35 4.91 0.78 5.25 5.63 0.63 0.32 0.35 1.94 6.89 0.6 10.91 8.02 2.77 8.85 9.23 10.43 11.51 2.04 2.04 2.04 1.71 2.04 2.04 2.04 2.04 12.12
0.87 11.23 0.94 4.32 8.34 1.57 1.22 8.04 4.34 9.02 0.7 5.33 5.33 2.93 9.47 8.04 9.01 8.69 8.55 8.55 1.4 4.91 10.05 9.05 0.94 2.6 9.56 9.02 2.49 4.34 1.13 2.62 1.01 1.28 7.83 9.44 6.98 2.97 0.79 0.79 0.0 0.84 0.94 1.4 9.59 2.95 8.18 2.56 4.17 8.78 4.91 2.08 12.13 1.1 5.53 1.4 5.87 6.25 1.25 0.94 1.1 2.56 7.51 1.22 11.53 8.64 3.39 9.47 9.85 11.05 12.13 2.66 2.66 2.66 2.33 2.66 2.66 2.66 2.66 12.74
0.14 10.66 0.38 3.76 7.78 1.01 0.66 7.47 3.77 8.45 0.14 4.77 4.77 2.36 8.91 7.47 8.44 8.13 7.98 7.98 0.56 4.34 9.49 8.49 0.38 2.04 8.99 8.45 1.93 3.77 0.57 2.06 1.39 0.72 7.26 8.88 6.41 2.41 0.06 0.06 0.84 0.0 0.38 0.84 9.03 2.39 7.61 2.0 3.6 8.22 4.34 1.23 11.57 0.41 4.97 0.84 5.31 5.68 0.68 0.38 0.41 2.0 6.95 0.66 10.97 8.08 2.83 8.91 9.29 10.49 11.57 2.09 2.09 2.09 1.77 2.09 2.09 2.09 2.09 12.18
0.41 10.29 0.0 3.38 7.42 0.65 0.29 7.1 3.4 8.09 0.24 4.39 4.39 2.0 8.53 7.1 8.08 7.77 7.62 7.62 0.94 3.97 9.12 8.12 0.0 1.66 8.62 8.09 1.56 3.4 0.19 1.69 1.48 0.36 6.89 8.5 6.05 2.04 0.32 0.32 0.94 0.38 0.0 0.47 8.65 2.02 7.25 1.62 3.24 7.84 3.97 1.61 11.2 0.17 4.61 0.47 4.94 5.32 0.31 0.0 0.17 1.62 6.57 0.29 10.59 7.71 2.46 8.53 8.93 10.12 11.2 1.72 1.72 1.72 1.39 1.72 1.72 1.72 1.72 11.8
0.87 10.28 0.47 3.86 6.94 0.17 0.18 7.52 3.87 7.62 0.7 4.87 4.87 1.82 8.13 7.52 7.61 7.29 7.15 7.15 1.4 4.44 8.65 7.65 0.47 2.14 8.25 7.62 2.03 3.87 0.67 1.22 1.95 0.12 7.36 8.4 5.58 1.57 0.78 0.78 1.4 0.84 0.47 0.0 8.55 1.84 6.78 2.1 3.05 7.38 4.44 2.07 11.18 0.64 4.13 0.0 4.47 4.85 0.18 0.47 0.64 2.1 7.05 0.18 11.07 7.24 1.99 8.13 8.45 10.54 11.18 2.19 2.19 2.19 1.87 2.19 2.19 2.19 2.19 12.27
9.06 1.93 8.65 5.83 1.96 8.38 8.74 1.55 5.25 0.94 8.89 4.26 4.26 8.86 0.43 1.55 1.18 1.49 1.41 1.41 9.59 5.77 1.78 0.9 8.65 8.37 0.3 0.94 8.26 5.25 8.46 7.34 10.14 8.67 1.76 0.15 3.24 7.69 8.97 8.97 9.59 9.03 8.65 8.55 0.0 8.89 1.78 7.03 10.32 3.97 5.77 10.26 2.84 8.81 4.65 8.55 6.92 4.23 8.73 8.65 8.81 7.03 4.19 8.74 9.08 1.5 8.12 0.43 1.52 2.55 2.84 8.43 8.43 8.43 8.1 8.43 8.43 8.43 8.43 4.28
2.42 10.61 2.02 5.41 7.28 1.92 1.73 9.12 5.42 7.95 2.25 6.42 6.42 0.04 8.46 9.12 7.94 7.63 7.48 7.48 2.95 5.99 8.99 7.99 2.02 3.69 8.59 7.95 3.58 5.42 2.22 1.55 3.49 1.78 8.91 8.74 5.91 1.2 2.33 2.33 2.95 2.39 2.02 1.84 8.89 0.0 7.11 3.64 1.43 9.21 5.99 3.62 11.52 2.19 4.47 1.84 4.81 6.62 1.82 2.02 2.19 3.64 8.59 1.73 12.62 7.58 0.78 8.46 8.79 11.22 11.52 3.74 3.74 3.74 3.42 3.74 3.74 3.74 3.74 12.96
7.64 3.5 7.25 6.63 0.35 6.6 6.96 2.36 6.06 0.84 7.47 5.06 5.06 7.08 1.35 2.36 0.83 0.54 0.37 0.37 8.17 6.57 1.87 0.87 7.25 8.91 1.47 0.84 8.81 6.06 7.44 5.57 8.72 6.89 2.57 1.63 1.46 5.92 7.56 7.56 8.18 7.61 7.25 6.78 1.78 7.11 0.0 7.83 8.54 4.77 6.57 8.85 4.41 7.42 2.87 6.78 5.14 4.89 6.95 7.25 7.42 7.83 5.0 6.96 10.0 0.46 6.34 1.35 1.68 4.11 4.41 8.97 8.97 8.97 8.64 8.97 8.97 8.97 8.97 5.85
2.03 8.67 1.62 1.76 8.02 2.27 1.91 5.48 1.78 6.99 1.86 2.77 2.77 3.62 6.91 5.48 7.24 7.55 7.46 7.46 2.56 2.35 7.84 6.96 1.62 1.34 7.0 6.99 1.24 1.78 1.43 3.31 3.11 1.98 5.27 6.88 7.67 3.67 1.94 1.94 2.56 2.0 1.62 2.1 7.03 3.64 7.83 0.0 4.86 6.22 2.35 3.23 9.57 1.79 6.23 2.1 6.57 6.94 1.93 1.62 1.79 0.0 4.95 1.91 8.97 7.56 4.09 6.91 7.58 8.49 9.57 1.4 1.4 1.4 1.07 1.4 1.4 1.4 1.4 10.18
3.63 12.04 3.24 6.62 8.71 3.14 2.95 10.34 6.64 9.39 3.46 7.63 7.63 1.48 9.9 10.34 9.38 9.06 8.92 8.92 4.16 7.21 10.42 9.42 3.24 4.9 10.02 9.39 4.8 6.64 3.43 2.98 4.71 2.99 10.13 10.17 7.34 2.63 3.55 3.55 4.17 3.6 3.24 3.05 10.32 1.43 8.54 4.86 0.0 10.43 7.21 4.84 12.95 3.4 5.9 3.05 6.17 7.84 3.03 3.24 3.4 4.86 9.81 2.95 13.83 9.01 2.21 9.9 10.22 12.65 12.95 4.96 4.96 4.96 4.63 4.96 4.96 4.96 4.96 14.39
8.25 5.61 7.84 5.02 4.96 7.53 7.56 2.42 4.44 3.93 8.08 3.45 3.45 9.19 3.85 2.42 4.18 4.49 4.4 4.4 8.78 4.96 4.78 3.9 7.84 7.56 3.94 3.93 7.46 4.44 7.65 8.57 9.32 7.49 2.21 3.82 6.24 8.92 8.16 8.16 8.78 8.22 7.84 7.38 3.97 9.21 4.77 6.22 10.43 0.0 4.96 9.45 6.51 8.01 7.64 7.38 9.91 4.24 7.56 7.84 8.01 6.22 4.52 7.56 9.58 4.5 9.34 3.85 4.52 5.43 6.51 7.62 7.62 7.62 7.29 7.62 7.62 7.62 7.62 7.57
4.37 7.4 3.97 2.45 6.75 4.62 4.26 4.21 0.57 5.73 4.2 1.51 1.51 5.97 5.65 4.21 5.98 6.28 6.2 6.2 4.9 0.0 6.57 5.7 3.97 3.69 5.73 5.73 3.58 0.57 3.78 5.66 5.45 4.33 4.0 5.62 8.03 6.01 4.29 4.29 4.91 4.34 3.97 4.44 5.77 5.99 6.57 2.35 7.21 4.96 0.0 5.58 8.31 4.13 8.57 4.44 8.91 6.89 4.28 3.97 4.13 2.35 3.28 4.26 6.63 6.29 6.43 5.65 6.31 7.23 8.31 3.74 3.74 3.74 3.42 3.74 3.74 3.74 3.74 8.19
1.38 11.9 1.61 4.99 9.02 2.25 1.89 8.71 5.01 9.69 1.37 6.0 6.0 3.6 10.14 8.71 9.68 9.36 9.22 9.22 0.67 5.58 10.72 9.72 1.61 3.27 10.23 9.69 3.17 5.01 1.8 3.29 2.62 1.96 8.5 10.11 7.65 3.64 1.29 1.29 2.08 1.23 1.61 2.07 10.26 3.62 8.85 3.23 4.84 9.45 5.58 0.0 12.81 1.65 6.2 2.07 6.54 6.92 1.92 1.61 1.65 3.23 8.18 1.89 12.2 9.31 4.06 10.14 10.52 11.73 12.81 3.33 3.33 3.33 3.0 3.33 3.33 3.33 3.33 13.41
11.6 0.91 11.2 8.37 4.59 11.01 11.37 4.1 7.8 3.57 11.43 6.8 6.8 11.49 3.06 4.1 3.81 4.12 4.04 4.04 12.13 8.31 4.41 3.53 11.2 10.92 2.93 3.57 10.81 7.8 11.0 9.97 12.68 11.3 4.31 2.78 5.87 10.32 11.51 11.51 12.13 11.57 11.2 11.18 2.84 11.52 4.41 9.57 12.95 6.51 8.31 12.81 0.0 11.36 7.28 11.18 9.55 6.77 11.36 11.2 11.36 9.57 6.74 11.37 6.24 4.13 10.74 3.06 4.15 1.73 0.0 10.97 10.97 10.97 10.65 10.97 10.97 10.97 10.97 1.44
0.27 10.45 0.17 3.55 7.58 0.81 0.46 7.26 3.56 8.26 0.4 4.56 4.56 2.17 8.7 7.26 8.25 7.93 7.79 7.79 0.97 4.13 9.29 8.29 0.17 1.83 8.78 8.26 1.72 3.56 0.36 1.86 1.65 0.52 7.05 8.67 6.22 2.21 0.35 0.35 1.1 0.41 0.17 0.64 8.81 2.19 7.42 1.79 3.4 8.01 4.13 1.65 11.36 0.0 4.77 0.64 5.11 5.49 0.47 0.17 0.0 1.79 6.74 0.46 10.76 7.88 2.63 8.7 9.09 10.28 11.36 1.88 1.88 1.88 1.56 1.88 1.88 1.88 1.88 11.96
5.0 6.37 4.61 7.99 3.04 3.96 4.31 5.23 8.0 3.71 4.83 7.93 7.93 4.43 4.22 5.23 3.7 3.39 3.24 3.24 5.53 8.57 4.74 3.74 4.61 6.27 4.34 3.71 6.16 8.0 4.8 2.92 6.08 4.25 5.44 4.5 1.67 3.27 4.91 4.91 5.53 4.97 4.61 4.13 4.65 4.47 2.87 6.23 5.9 7.64 8.57 6.2 7.28 4.77 0.0 4.13 2.42 7.76 4.31 4.61 4.77 6.23 7.87 4.31 12.87 3.33 3.69 4.22 4.54 6.98 7.28 6.32 6.32 6.32 6.0 6.32 6.32 6.32 6.32 8.72
0.87 10.28 0.47 3.86 6.94 0.17 0.18 7.52 3.87 7.62 0.7 4.87 4.87 1.82 8.13 7.52 7.61 7.29 7.15 7.15 1.4 4.44 8.65 7.65 0.47 2.14 8.25 7.62 2.03 3.87 0.67 1.22 1.95 0.12 7.36 8.4 5.58 1.57 0.78 0.78 1.4 0.84 0.47 0.0 8.55 1.84 6.78 2.1 3.05 7.38 4.44 2.07 11.18 0.64 4.13 0.0 4.47 4.85 0.18 0.47 0.64 2.1 7.05 0.18 11.07 7.24 1.99 8.13 8.45 10.54 11.18 2.19 2.19 2.19 1.87 2.19 2.19 2.19 2.19 12.27
5.34 8.64 4.94 8.33 5.31 4.3 4.65 7.5 8.34 5.98 5.17 9.34 9.34 4.77 6.49 7.5 5.97 5.65 5.51 5.51 5.87 8.91 7.01 6.01 4.94 6.61 6.61 5.98 6.5 8.34 5.14 3.26 6.42 4.58 7.71 6.77 3.94 3.61 5.25 5.25 5.87 5.31 4.94 4.47 6.92 4.81 5.14 6.57 6.17 9.91 8.91 6.54 9.55 5.11 2.42 4.47 0.0 8.87 4.65 4.94 5.11 6.57 10.14 4.65 15.14 5.6 4.03 6.49 6.81 9.25 9.55 6.66 6.66 6.66 6.34 6.66 6.66 6.66 6.66 10.99
5.72 5.87 5.32 6.95 5.08 4.7 5.03 2.68 6.38 4.05 5.54 5.38 5.38 6.6 4.04 2.68 4.3 4.61 4.52 4.52 6.25 6.89 4.9 4.02 5.32 6.99 4.16 4.05 6.88 6.38 5.51 5.61 6.79 4.96 2.89 4.08 6.36 5.97 5.63 5.63 6.25 5.68 5.32 4.85 4.23 6.62 4.89 6.94 7.84 4.24 6.89 6.92 6.77 5.49 7.76 4.85 8.87 0.0 5.02 5.32 5.49 6.94 5.32 5.03 10.32 4.62 6.39 4.04 4.64 5.69 6.77 7.04 7.04 7.04 6.72 7.04 7.04 7.04 7.04 8.21
0.72 10.45 0.31 3.69 7.12 0.35 0.09 7.41 3.71 7.79 0.54 4.7 4.7 1.8 8.3 7.41 7.78 7.47 7.32 7.32 1.25 4.28 8.83 7.83 0.31 1.97 8.43 7.79 1.87 3.71 0.5 1.4 1.79 0.11 7.2 8.58 5.75 1.75 0.63 0.63 1.25 0.68 0.31 0.18 8.73 1.82 6.95 1.93 3.03 7.56 4.28 1.92 11.36 0.47 4.31 0.18 4.65 5.02 0.0 0.31 0.47 1.93 6.88 0.09 10.9 7.42 2.17 8.3 8.63 10.42 11.36 2.03 2.03 2.03 1.7 2.03 2.03 2.03 2.03 12.11
0.41 10.29 0.0 3.38 7.42 0.65 0.29 7.1 3.4 8.09 0.24 4.39 4.39 2.0 8.53 7.1 8.08 7.77 7.62 7.62 0.94 3.97 9.12 8.12 0.0 1.66 8.62 8.09 1.56 3.4 0.19 1.69 1.48 0.36 6.89 8.5 6.05 2.04 0.32 0.32 0.94 0.38 0.0 0.47 8.65 2.02 7.25 1.62 3.24 7.84 3.97 1.61 11.2 0.17 4.61 0.47 4.94 5.32 0.31 0.0 0.17 1.62 6.57 0.29 10.59 7.71 2.46 8.53 8.93 10.12 11.2 1.72 1.72 1.72 1.39 1.72 1.72 1.72 1.72 11.8
0.27 10.45 0.17 3.55 7.58 0.81 0.46 7.26 3.56 8.26 0.4 4.56 4.56 2.17 8.7 7.26 8.25 7.93 7.79 7.79 0.97 4.13 9.29 8.29 0.17 1.83 8.78 8.26 1.72 3.56 0.36 1.86 1.65 0.52 7.05 8.67 6.22 2.21 0.35 0.35 1.1 0.41 0.17 0.64 8.81 2.19 7.42 1.79 3.4 8.01 4.13 1.65 11.36 0.0 4.77 0.64 5.11 5.49 0.47 0.17 0.0 1.79 6.74 0.46 10.76 7.88 2.63 8.7 9.09 10.28 11.36 1.88 1.88 1.88 1.56 1.88 1.88 1.88 1.88 11.96
2.03 8.67 1.62 1.76 8.02 2.27 1.91 5.48 1.78 6.99 1.86 2.77 2.77 3.62 6.91 5.48 7.24 7.55 7.46 7.46 2.56 2.35 7.84 6.96 1.62 1.34 7.0 6.99 1.24 1.78 1.43 3.31 3.11 1.98 5.27 6.88 7.67 3.67 1.94 1.94 2.56 2.0 1.62 2.1 7.03 3.64 7.83 0.0 4.86 6.22 2.35 3.23 9.57 1.79 6.23 2.1 6.57 6.94 1.93 1.62 1.79 0.0 4.95 1.91 8.97 7.56 4.09 6.91 7.58 8.49 9.57 1.4 1.4 1.4 1.07 1.4 1.4 1.4 1.4 10.18
6.98 5.83 6.57 4.73 5.18 7.22 6.86 2.64 3.17 4.16 6.81 3.16 3.16 8.57 4.08 2.64 4.4 4.71 4.63 4.63 7.51 3.28 5.0 4.12 6.57 6.29 4.16 4.16 6.19 3.17 6.38 8.26 8.06 6.93 2.43 4.04 6.46 8.62 6.89 6.89 7.51 6.95 6.57 7.05 4.19 8.59 5.0 4.95 9.81 4.52 3.28 8.18 6.74 6.74 7.87 7.05 10.14 5.32 6.88 6.57 6.74 4.95 0.0 6.86 7.82 4.72 9.04 4.08 4.74 5.66 6.74 6.35 6.35 6.35 6.02 6.35 6.35 6.35 6.35 7.74
0.69 10.46 0.29 3.68 7.13 0.36 0.0 7.39 3.69 7.8 0.52 4.69 4.69 1.71 8.31 7.39 7.79 7.47 7.33 7.33 1.22 4.26 8.83 7.83 0.29 1.96 8.43 7.8 1.85 3.69 0.48 1.4 1.76 0.07 7.18 8.59 5.76 1.75 0.6 0.6 1.22 0.66 0.29 0.18 8.74 1.73 6.96 1.91 2.95 7.56 4.26 1.89 11.37 0.46 4.31 0.18 4.65 5.03 0.09 0.29 0.46 1.91 6.86 0.0 10.89 7.42 2.17 8.31 8.63 10.41 11.37 2.01 2.01 2.01 1.69 2.01 2.01 2.01 2.01 12.09
11.0 7.15 10.59 9.07 10.19 11.24 10.89 7.65 7.2 9.16 10.83 8.09 8.09 12.6 9.08 7.65 9.41 9.72 9.63 9.63 11.53 6.63 10.01 9.13 10.59 10.31 9.17 9.16 10.21 7.2 10.4 12.29 12.08 10.95 7.44 9.02 11.47 12.64 10.91 10.91 11.53 10.97 10.59 11.07 9.08 12.62 10.0 8.97 13.83 9.58 6.63 12.2 6.24 10.76 12.87 11.07 15.14 10.32 10.9 10.59 10.76 8.97 7.82 10.89 0.0 9.73 13.06 9.08 9.75 7.97 6.24 10.37 10.37 10.37 10.04 10.37 10.37 10.37 10.37 4.8
8.11 3.22 7.71 6.35 0.65 7.07 7.42 2.08 5.78 0.56 7.94 4.78 4.78 7.54 1.07 2.08 0.55 0.28 0.09 0.09 8.64 6.29 1.6 0.6 7.71 8.9 1.2 0.56 8.79 5.78 7.91 6.03 9.19 7.35 2.29 1.35 1.93 6.38 8.02 8.02 8.64 8.08 7.71 7.24 1.5 7.58 0.46 7.56 9.01 4.5 6.29 9.31 4.13 7.88 3.33 7.24 5.6 4.62 7.42 7.71 7.88 7.56 4.72 7.42 9.73 0.0 6.8 1.07 1.4 3.83 4.13 8.95 8.95 8.95 8.63 8.95 8.95 8.95 8.95 5.57
2.86 9.84 2.46 5.85 6.51 1.82 2.17 8.69 5.86 7.18 2.69 6.86 6.86 0.74 7.69 8.69 7.17 6.85 6.71 6.71 3.39 6.43 8.21 7.21 2.46 4.13 7.81 7.18 4.02 5.86 2.66 0.77 3.94 2.1 8.9 7.97 5.14 0.42 2.77 2.77 3.39 2.83 2.46 1.99 8.12 0.78 6.34 4.09 2.21 9.34 6.43 4.06 10.74 2.63 3.69 1.99 4.03 6.39 2.17 2.46 2.63 4.09 9.04 2.17 13.06 6.8 0.0 7.69 8.01 10.45 10.74 4.18 4.18 4.18 3.86 4.18 4.18 4.18 4.18 12.19
8.94 2.15 8.53 5.71 1.54 7.95 8.31 1.44 5.14 0.51 8.77 4.14 4.14 8.43 0.0 1.44 0.76 1.06 0.98 0.98 9.47 5.65 1.36 0.48 8.53 8.26 0.12 0.51 8.15 5.14 8.34 6.92 10.02 8.24 1.65 0.28 2.81 7.27 8.85 8.85 9.47 8.91 8.53 8.13 0.43 8.46 1.35 6.91 9.9 3.85 5.65 10.14 3.06 8.7 4.22 8.13 6.49 4.04 8.3 8.53 8.7 6.91 4.08 8.31 9.08 1.07 7.69 0.0 1.09 2.76 3.06 8.31 8.31 8.31 7.99 8.31 8.31 8.31 8.31 4.5
9.32 3.24 8.93 6.37 1.86 8.28 8.63 2.1 5.8 0.88 9.15 4.8 4.8 8.75 1.09 2.1 1.13 1.39 1.3 1.3 9.85 6.31 0.26 0.86 8.93 8.92 1.22 0.88 8.81 5.8 9.01 7.24 10.4 8.57 2.31 1.37 3.14 7.59 9.23 9.23 9.85 9.29 8.93 8.45 1.52 8.79 1.68 7.58 10.22 4.52 6.31 10.52 4.15 9.09 4.54 8.45 6.81 4.64 8.63 8.93 9.09 7.58 4.74 8.63 9.75 1.4 8.01 1.09 0.0 3.85 4.15 8.97 8.97 8.97 8.65 8.97 8.97 8.97 8.97 5.59
10.52 1.38 10.12 7.29 4.29 10.39 10.41 3.02 6.72 3.27 10.35 5.72 5.72 11.19 2.76 3.02 3.52 3.82 3.74 3.74 11.05 7.23 4.11 3.24 10.12 9.84 2.64 3.27 9.73 6.72 9.92 9.68 11.6 10.48 3.23 2.49 5.57 10.03 10.43 10.43 11.05 10.49 10.12 10.54 2.55 11.22 4.11 8.49 12.65 5.43 7.23 11.73 1.73 10.28 6.98 10.54 9.25 5.69 10.42 10.12 10.28 8.49 5.66 10.41 7.97 3.83 10.45 2.76 3.85 0.0 1.73 9.89 9.89 9.89 9.57 9.89 9.89 9.89 9.89 3.17
11.6 0.91 11.2 8.37 4.59 11.01 11.37 4.1 7.8 3.57 11.43 6.8 6.8 11.49 3.06 4.1 3.81 4.12 4.04 4.04 12.13 8.31 4.41 3.53 11.2 10.92 2.93 3.57 10.81 7.8 11.0 9.97 12.68 11.3 4.31 2.78 5.87 10.32 11.51 11.51 12.13 11.57 11.2 11.18 2.84 11.52 4.41 9.57 12.95 6.51 8.31 12.81 0.0 11.36 7.28 11.18 9.55 6.77 11.36 11.2 11.36 9.57 6.74 11.37 6.24 4.13 10.74 3.06 4.15 1.73 0.0 10.97 10.97 10.97 10.65 10.97 10.97 10.97 10.97 1.44
2.12 10.06 1.72 3.16 9.14 2.37 2.01 6.87 3.17 8.39 1.95 4.17 4.17 3.72 8.31 6.87 8.64 8.94 8.86 8.86 2.65 3.74 9.24 8.36 1.72 0.75 8.39 8.39 0.64 3.17 1.53 3.41 3.2 2.08 6.66 8.28 7.77 3.76 2.04 2.04 2.66 2.09 1.72 2.19 8.43 3.74 8.97 1.4 4.96 7.62 3.74 3.33 10.97 1.88 6.32 2.19 6.66 7.04 2.03 1.72 1.88 1.4 6.35 2.01 10.37 8.95 4.18 8.31 8.97 9.89 10.97 0.0 0.0 0.0 0.48 0.0 0.0 0.0 0.0 11.58
2.12 10.06 1.72 3.16 9.14 2.37 2.01 6.87 3.17 8.39 1.95 4.17 4.17 3.72 8.31 6.87 8.64 8.94 8.86 8.86 2.65 3.74 9.24 8.36 1.72 0.75 8.39 8.39 0.64 3.17 1.53 3.41 3.2 2.08 6.66 8.28 7.77 3.76 2.04 2.04 2.66 2.09 1.72 2.19 8.43 3.74 8.97 1.4 4.96 7.62 3.74 3.33 10.97 1.88 6.32 2.19 6.66 7.04 2.03 1.72 1.88 1.4 6.35 2.01 10.37 8.95 4.18 8.31 8.97 9.89 10.97 0.0 0.0 0.0 0.48 0.0 0.0 0.0 0.0 11.58
2.12 10.06 1.72 3.16 9.14 2.37 2.01 6.87 3.17 8.39 1.95 4.17 4.17 3.72 8.31 6.87 8.64 8.94 8.86 8.86 2.65 3.74 9.24 8.36 1.72 0.75 8.39 8.39 0.64 3.17 1.53 3.41 3.2 2.08 6.66 8.28 7.77 3.76 2.04 2.04 2.66 2.09 1.72 2.19 8.43 3.74 8.97 1.4 4.96 7.62 3.74 3.33 10.97 1.88 6.32 2.19 6.66 7.04 2.03 1.72 1.88 1.4 6.35 2.01 10.37 8.95 4.18 8.31 8.97 9.89 10.97 0.0 0.0 0.0 0.48 0.0 0.0 0.0 0.0 11.58
1.8 9.74 1.39 2.83 8.81 2.04 1.69 6.55 2.85 8.07 1.63 3.85 3.85 3.4 7.99 6.55 8.31 8.62 8.54 8.54 2.33 3.42 8.91 8.03 1.39 0.27 8.07 8.07 0.16 2.85 1.2 3.09 2.88 1.75 6.34 7.95 7.44 3.44 1.71 1.71 2.33 1.77 1.39 1.87 8.1 3.42 8.64 1.07 4.63 7.29 3.42 3.0 10.65 1.56 6.0 1.87 6.34 6.72 1.7 1.39 1.56 1.07 6.02 1.69 10.04 8.63 3.86 7.99 8.65 9.57 10.65 0.48 0.48 0.48 0.0 0.48 0.48 0.48 0.48 11.25
2.12 10.06 1.72 3.16 9.14 2.37 2.01 6.87 3.17 8.39 1.95 4.17 4.17 3.72 8.31 6.87 8.64 8.94 8.86 8.86 2.65 3.74 9.24 8.36 1.72 0.75 8.39 8.39 0.64 3.17 1.53 3.41 3.2 2.08 6.66 8.28 7.77 3.76 2.04 2.04 2.66 2.09 1.72 2.19 8.43 3.74 8.97 1.4 4.96 7.62 3.74 3.33 10.97 1.88 6.32 2.19 6.66 7.04 2.03 1.72 1.88 1.4 6.35 2.01 10.37 8.95 4.18 8.31 8.97 9.89 10.97 0.0 0.0 0.0 0.48 0.0 0.0 0.0 0.0 11.58
2.12 10.06 1.72 3.16 9.14 2.37 2.01 6.87 3.17 8.39 1.95 4.17 4.17 3.72 8.31 6.87 8.64 8.94 8.86 8.86 2.65 3.74 9.24 8.36 1.72 0.75 8.39 8.39 0.64 3.17 1.53 3.41 3.2 2.08 6.66 8.28 7.77 3.76 2.04 2.04 2.66 2.09 1.72 2.19 8.43 3.74 8.97 1.4 4.96 7.62 3.74 3.33 10.97 1.88 6.32 2.19 6.66 7.04 2.03 1.72 1.88 1.4 6.35 2.01 10.37 8.95 4.18 8.31 8.97 9.89 10.97 0.0 0.0 0.0 0.48 0.0 0.0 0.0 0.0 11.58
2.12 10.06 1.72 3.16 9.14 2.37 2.01 6.87 3.17 8.39 1.95 4.17 4.17 3.72 8.31 6.87 8.64 8.94 8.86 8.86 2.65 3.74 9.24 8.36 1.72 0.75 8.39 8.39 0.64 3.17 1.53 3.41 3.2 2.08 6.66 8.28 7.77 3.76 2.04 2.04 2.66 2.09 1.72 2.19 8.43 3.74 8.97 1.4 4.96 7.62 3.74 3.33 10.97 1.88 6.32 2.19 6.66 7.04 2.03 1.72 1.88 1.4 6.35 2.01 10.37 8.95 4.18 8.31 8.97 9.89 10.97 0.0 0.0 0.0 0.48 0.0 0.0 0.0 0.0 11.58
2.12 10.06 1.72 3.16 9.14 2.37 2.01 6.87 3.17 8.39 1.95 4.17 4.17 3.72 8.31 6.87 8.64 8.94 8.86 8.86 2.65 3.74 9.24 8.36 1.72 0.75 8.39 8.39 0.64 3.17 1.53 3.41 3.2 2.08 6.66 8.28 7.77 3.76 2.04 2.04 2.66 2.09 1.72 2.19 8.43 3.74 8.97 1.4 4.96 7.62 3.74 3.33 10.97 1.88 6.32 2.19 6.66 7.04 2.03 1.72 1.88 1.4 6.35 2.01 10.37 8.95 4.18 8.31 8.97 9.89 10.97 0.0 0.0 0.0 0.48 0.0 0.0 0.0 0.0 11.58
12.21 2.35 11.8 9.43 6.03 12.45 12.09 5.54 8.4 5.01 12.04 7.85 7.85 12.93 4.5 5.54 5.25 5.56 5.48 5.48 12.74 8.19 5.85 4.97 11.8 11.52 4.37 5.01 11.41 8.4 11.61 11.41 13.28 12.16 5.42 4.22 7.31 11.77 12.12 12.12 12.74 12.18 11.8 12.27 4.28 12.96 5.85 10.18 14.39 7.57 8.19 13.41 1.44 11.96 8.72 12.27 10.99 8.21 12.11 11.8 11.96 10.18 7.74 12.09 4.8 5.57 12.19 4.5 5.59 3.17 1.44 11.58 11.58 11.58 11.25 11.58 11.58 11.58 11.58 0.0
