0.0 6.25 1.98 16.99 15.81 11.15 15.14 5.85 27.77 3.06
6.25 0.0 4.36 21.07 16.46 13.62 16.49 8.91 28.85 7.52
1.98 4.36 0.0 18.69 17.51 12.85 13.25 7.55 29.47 4.76
16.99 21.07 18.69 0.0 12.31 8.5 15.47 13.41 12.48 15.75
15.81 16.46 17.51 12.31 0.0 5.68 26.2 11.29 14.09 12.93
11.15 13.62 12.85 8.5 5.68 0.0 21.91 5.97 17.64 8.27
15.14 16.49 13.25 15.47 26.2 21.91 0.0 16.71 25.33 17.75
5.85 8.91 7.55 13.41 11.29 5.97 16.71 0.0 23.25 3.44
27.77 28.85 29.47 12.48 14.09 17.64 25.33 23.25 0.0 24.89
3.06 7.52 4.76 15.75 12.93 8.27 17.75 3.44 24.89 0.0
