0.0 2.95 1.68 17.3 6.93 8.82 14.83 6.16 26.29 3.8 26.2 16.34 28.08 15.9
2.95 0.0 1.37 18.25 9.43 10.22 12.59 5.14 27.82 6.46 27.73 18.98 29.85 16.85
1.68 1.37 0.0 18.69 8.32 10.21 13.25 4.58 27.68 5.18 27.59 17.72 29.47 17.29
17.3 18.25 18.69 0.0 17.05 11.24 15.47 20.51 9.92 15.83 9.83 15.61 12.48 3.36
6.93 9.43 8.32 17.05 0.0 7.05 21.0 4.51 24.4 3.82 24.31 10.54 24.54 16.13
8.82 10.22 10.21 11.24 7.05 0.0 19.55 10.51 18.6 5.69 18.5 11.72 20.39 11.64
14.83 12.59 13.25 15.47 21.0 19.55 0.0 16.71 21.11 18.17 22.3 29.5 25.33 14.65
6.16 5.14 4.58 20.51 4.51 10.51 16.71 0.0 27.87 7.04 27.77 14.29 28.29 19.36
26.29 27.82 27.68 9.92 24.4 18.6 21.11 27.87 0.0 23.19 2.67 19.24 5.63 12.94
3.8 6.46 5.18 15.83 3.82 5.69 18.17 7.04 23.19 0.0 23.09 13.23 24.97 14.53
26.2 27.73 27.59 9.83 24.31 18.5 22.3 27.77 2.67 23.09 0.0 18.88 4.23 12.84
16.34 18.98 17.72 15.61 10.54 11.72 29.5 14.29 19.24 13.23 18.88 0.0 18.39 16.92
28.08 29.85 29.47 12.48 24.54 20.39 25.33 28.29 5.63 24.97 4.23 18.39 0.0 15.5
15.9 16.85 17.29 3.36 16.13 11.64 14.65 19.36 12.94 14.53 12.84 16.92 15.5 0.0
