0.0 10.73 10.77 13.13 6.66 21.31 16.71 17.48 10.81 2.47 28.72 7.36 31.56 7.36 28.62 13.43 8.47 28.3 10.12 7.51 3.58 9.39 21.34 25.13 6.27 7.73 6.64 2.14 6.49 4.78
10.73 0.0 0.33 3.82 5.49 15.37 27.22 8.36 5.96 8.76 24.11 10.38 24.09 17.87 22.58 22.38 14.78 25.3 5.21 8.46 14.1 12.38 31.24 16.0 13.04 11.86 7.04 12.65 17.0 7.06
10.77 0.33 0.0 3.87 5.54 15.41 27.27 8.41 6.0 8.81 24.15 10.43 24.13 17.92 22.63 22.42 14.83 25.34 5.26 8.5 14.14 12.43 31.28 16.05 13.09 11.9 7.08 12.7 17.05 7.11
13.13 3.82 3.87 0.0 7.9 17.02 29.53 8.87 9.38 11.17 25.21 12.79 24.97 20.28 23.47 24.63 17.04 26.95 7.01 12.01 16.5 14.63 32.89 16.89 15.29 14.11 10.58 15.06 19.41 9.47
6.66 5.49 5.54 7.9 0.0 19.44 23.15 12.43 7.49 4.69 27.65 6.31 28.16 13.8 26.66 18.31 10.71 28.87 8.8 5.86 10.03 8.31 27.66 20.08 8.97 7.79 4.99 8.58 12.93 2.99
21.31 15.37 15.41 17.02 19.44 0.0 15.83 14.42 21.05 19.35 9.22 17.32 10.42 21.05 7.48 14.15 18.13 11.1 12.85 20.99 22.41 15.92 17.04 6.8 19.63 18.45 20.12 23.23 23.26 18.12
16.71 27.22 27.27 29.53 23.15 15.83 0.0 29.25 25.97 18.97 16.22 17.56 22.5 10.94 19.56 6.0 13.47 13.74 22.85 24.0 13.94 15.54 6.12 22.1 14.93 15.95 23.13 15.06 13.24 21.28
17.48 8.36 8.41 8.87 12.43 14.42 29.25 0.0 13.92 15.52 20.34 16.94 20.1 21.42 18.6 24.35 18.02 24.99 11.14 16.54 20.85 15.59 30.93 12.02 19.28 18.1 15.12 19.41 23.31 14.01
10.81 5.96 6.0 9.38 7.49 21.05 25.97 13.92 0.0 8.84 29.79 10.47 29.77 16.62 28.27 22.49 14.89 30.98 10.9 3.49 13.38 12.49 30.6 21.68 13.15 11.97 5.11 12.34 15.75 6.27
2.47 8.76 8.81 11.17 4.69 19.35 18.97 15.52 8.84 0.0 26.76 5.4 29.59 9.62 26.65 15.69 9.82 27.98 8.15 5.54 5.84 7.42 23.6 23.16 8.08 6.9 4.67 4.4 8.75 2.82
28.72 24.11 24.15 25.21 27.65 9.22 16.22 20.34 29.79 26.76 0.0 24.73 6.58 24.33 3.64 17.43 23.07 9.47 21.59 28.52 26.66 22.4 17.11 8.81 25.16 23.69 27.65 27.95 26.54 25.77
7.36 10.38 10.43 12.79 6.31 17.32 17.56 16.94 10.47 5.4 24.73 0.0 27.57 8.2 24.62 14.12 7.8 25.95 6.12 7.16 5.28 5.39 22.02 22.21 6.05 4.87 6.3 6.71 7.17 4.44
31.56 24.09 24.13 24.97 28.16 10.42 22.5 20.1 29.77 29.59 6.58 27.57 0.0 30.56 4.84 23.66 28.37 14.34 23.09 31.23 32.65 26.16 23.42 8.58 29.88 28.69 30.36 33.48 32.77 28.37
7.36 17.87 17.92 20.28 13.8 21.05 10.94 21.42 16.62 9.62 24.33 8.2 30.56 0.0 27.62 8.16 4.12 22.96 13.89 14.65 4.59 6.4 15.63 26.24 5.58 6.8 13.78 5.71 3.89 11.93
28.62 22.58 22.63 23.47 26.66 7.48 19.56 18.6 28.27 26.65 3.64 24.62 4.84 27.62 0.0 20.72 25.43 9.98 20.15 28.29 29.71 23.22 20.48 7.07 26.93 25.75 27.42 30.54 29.83 25.43
13.43 22.38 22.42 24.63 18.31 14.15 6.0 24.35 22.49 15.69 17.43 14.12 23.66 8.16 20.72 0.0 10.03 17.4 17.94 19.18 10.5 12.08 10.45 19.34 11.49 12.49 18.31 11.78 10.38 16.43
8.47 14.78 14.83 17.04 10.71 18.13 13.47 18.02 14.89 9.82 23.07 7.8 28.37 4.12 25.43 10.03 0.0 24.29 10.35 11.59 5.39 2.8 17.93 23.22 4.68 3.21 10.72 6.82 5.81 8.84
28.3 25.3 25.34 26.95 28.87 11.1 13.74 24.99 30.98 27.98 9.47 25.95 14.34 22.96 9.98 17.4 24.29 0.0 22.78 29.74 25.36 23.62 12.67 16.57 26.36 24.91 28.87 26.65 25.24 26.99
10.12 5.21 5.26 7.01 8.8 12.85 22.85 11.14 10.9 8.15 21.59 6.12 23.09 13.89 20.15 17.94 10.35 22.78 0.0 9.79 11.21 7.95 27.3 17.18 8.6 7.42 8.92 12.04 12.86 6.93
7.51 8.46 8.5 12.01 5.86 20.99 24.0 16.54 3.49 5.54 28.52 7.16 31.23 14.65 28.29 19.18 11.59 29.74 9.79 0.0 10.88 9.19 28.54 24.18 9.84 8.66 1.81 9.43 13.79 2.97
3.58 14.1 14.14 16.5 10.03 22.41 13.94 20.85 13.38 5.84 26.66 5.28 32.65 4.59 29.71 10.5 5.39 25.36 11.21 10.88 0.0 7.67 18.41 27.3 3.19 4.66 10.01 1.93 3.56 8.15
9.39 12.38 12.43 14.63 8.31 15.92 15.54 15.59 12.49 7.42 22.4 5.39 26.16 6.4 23.22 12.08 2.8 23.62 7.95 9.19 7.67 0.0 19.99 20.81 4.88 3.42 8.32 9.1 8.08 6.44
21.34 31.24 31.28 32.89 27.66 17.04 6.12 30.93 30.6 23.6 17.11 22.02 23.42 15.63 20.48 10.45 17.93 12.67 27.3 28.54 18.41 19.99 0.0 23.26 19.4 20.4 27.67 19.69 17.93 25.79
25.13 16.0 16.05 16.89 20.08 6.8 22.1 12.02 21.68 23.16 8.81 22.21 8.58 26.24 7.07 19.34 23.22 16.57 17.18 24.18 27.3 20.81 23.26 0.0 24.52 23.34 22.76 27.05 28.46 21.65
6.27 13.04 13.09 15.29 8.97 19.63 14.93 19.28 13.15 8.08 25.16 6.05 29.88 5.58 26.93 11.49 4.68 26.36 8.6 9.84 3.19 4.88 19.4 24.52 0.0 1.75 8.98 4.62 4.55 7.09
7.73 11.86 11.9 14.11 7.79 18.45 15.95 18.1 11.97 6.9 23.69 4.87 28.69 6.8 25.75 12.49 3.21 24.91 7.42 8.66 4.66 3.42 20.4 23.34 1.75 0.0 7.79 6.08 6.02 5.91
6.64 7.04 7.08 10.58 4.99 20.12 23.13 15.12 5.11 4.67 27.65 6.3 30.36 13.78 27.42 18.31 10.72 28.87 8.92 1.81 10.01 8.32 27.67 22.76 8.98 7.79 0.0 8.56 12.92 2.1
2.14 12.65 12.7 15.06 8.58 23.23 15.06 19.41 12.34 4.4 27.95 6.71 33.48 5.71 30.54 11.78 6.82 26.65 12.04 9.43 1.93 9.1 19.69 27.05 4.62 6.08 8.56 0.0 4.84 6.71
6.49 17.0 17.05 19.41 12.93 23.26 13.24 23.31 15.75 8.75 26.54 7.17 32.77 3.89 29.83 10.38 5.81 25.24 12.86 13.79 3.56 8.08 17.93 28.46 4.55 6.02 12.92 4.84 0.0 11.06
4.78 7.06 7.11 9.47 2.99 18.12 21.28 14.01 6.27 2.82 25.77 4.44 28.37 11.93 25.43 16.43 8.84 26.99 6.93 2.97 8.15 6.44 25.79 21.65 7.09 5.91 2.1 6.71 11.06 0.0
