0.0 0.69 1.73 24.36 21.71 8.76 14.88 6.21 19.54 3.54 26.57 26.31 26.14 6.11 26.98 15.17
0.69 0.0 1.32 24.78 21.3 9.17 14.47 5.8 19.96 3.95 26.99 25.9 26.55 5.7 27.39 14.76
1.73 1.32 0.0 25.81 20.08 10.21 13.25 4.58 20.99 4.99 28.02 24.67 27.59 4.47 28.43 13.53
24.36 24.78 25.81 0.0 22.18 16.73 22.13 24.92 12.54 21.11 5.91 17.35 5.21 29.4 8.13 22.27
21.71 21.3 20.08 22.18 0.0 26.37 8.77 23.7 30.8 24.78 21.66 11.56 22.52 22.87 19.37 8.45
8.76 9.17 10.21 16.73 26.37 0.0 19.55 10.51 11.91 5.48 18.94 21.97 18.5 14.57 19.35 19.84
14.88 14.47 13.25 22.13 8.77 19.55 0.0 16.71 29.46 17.97 21.45 13.74 22.3 15.52 19.56 1.71
6.21 5.8 4.58 24.92 23.7 10.51 16.71 0.0 17.69 6.84 28.21 28.29 27.77 4.69 28.62 16.99
19.54 19.96 20.99 12.54 30.8 11.91 29.46 17.69 0.0 16.29 17.1 25.96 16.4 22.17 19.33 29.74
3.54 3.95 4.99 21.11 24.78 5.48 17.97 6.84 16.29 0.0 23.32 24.92 22.89 9.36 23.73 18.25
26.57 26.99 28.02 5.91 21.66 18.94 21.45 28.21 17.1 23.32 0.0 13.83 3.01 32.27 4.34 21.55
26.31 25.9 24.67 17.35 11.56 21.97 13.74 28.29 25.96 24.92 13.83 0.0 14.73 27.52 9.98 13.42
26.14 26.55 27.59 5.21 22.52 18.5 22.3 27.77 16.4 22.89 3.01 14.73 0.0 31.83 5.23 22.41
6.11 5.7 4.47 29.4 22.87 14.57 15.52 4.69 22.17 9.36 32.27 27.52 31.83 0.0 32.11 15.81
26.98 27.39 28.43 8.13 19.37 19.35 19.56 28.62 19.33 23.73 4.34 9.98 5.23 32.11 0.0 19.26
15.17 14.76 13.53 22.27 8.45 19.84 1.71 16.99 29.74 18.25 21.55 13.42 22.41 15.81 19.26 0.0
