0.0 10.69 0.41 3.79 7.81 1.04 8.45 0.99 3.8 0.17 8.48 0.69 4.8 4.8 2.57 3.79 7.74 7.38 8.22 8.3 8.16 4.51 2.09 2.08 8.66 8.75 9.52 1.12 1.33 0.41 9.32 0.0 8.38 0.41 12.21 2.09 10.23 10.14 1.29 6.06 8.54 2.89 2.98 10.89 0.09 0.6 0.09 0.87 0.27 0.27 0.41 0.87 7.64 3.59 2.32 0.91 2.32 6.63 0.82 4.05 4.89 0.69 1.2 5.34 0.87 0.41 5.72 4.8 3.79 2.85 13.19 2.58 10.52 6.44 5.33 8.27 2.03 2.03 2.03 2.51 2.12 2.12 2.12 2.12 2.12 2.12 1.8 3.12 1.72 2.12
10.69 0.0 10.29 7.46 3.68 10.1 2.31 10.6 6.89 10.52 2.66 10.46 5.89 5.89 12.18 7.46 3.41 3.32 2.93 2.88 3.21 6.75 9.07 9.06 2.12 2.4 3.5 10.02 10.68 10.29 3.24 10.69 8.08 10.29 2.35 9.07 6.27 6.56 10.71 9.46 2.62 12.5 8.17 0.75 10.61 10.1 10.61 10.28 10.45 10.45 10.29 10.28 3.5 10.23 8.37 10.23 8.37 7.65 11.17 7.09 6.26 10.46 10.26 8.64 11.23 10.29 5.87 5.89 7.46 12.46 3.16 9.56 1.38 4.96 9.3 2.95 8.67 8.67 8.67 12.54 10.06 10.06 10.06 10.06 10.06 10.06 9.74 8.46 9.66 10.06
0.41 10.29 0.0 3.38 7.42 0.65 8.05 0.6 3.4 0.24 8.09 0.29 4.39 4.39 2.18 3.38 7.34 6.97 7.82 7.91 7.77 4.1 1.69 1.69 8.26 8.34 9.12 0.73 0.94 0.0 8.93 0.41 7.97 0.0 11.8 1.69 9.83 9.73 0.9 5.66 8.13 2.49 2.58 10.49 0.32 0.19 0.32 0.47 0.17 0.17 0.0 0.47 7.25 3.18 1.91 0.52 1.91 6.22 0.88 3.66 4.49 0.29 0.8 4.94 0.94 0.0 5.32 4.39 3.38 2.45 12.78 2.19 10.12 6.05 4.93 7.87 1.62 1.62 1.62 2.54 1.72 1.72 1.72 1.72 1.72 1.72 1.39 2.73 1.32 1.72
3.79 7.46 3.38 0.0 6.82 4.03 5.22 3.98 1.88 3.62 5.79 3.68 1.57 1.57 5.56 0.0 6.54 4.15 4.99 6.01 6.34 0.72 5.08 5.07 5.43 5.52 6.64 4.11 4.32 3.38 6.37 3.79 6.45 3.38 9.43 5.08 8.3 8.21 4.28 4.51 5.31 5.88 5.97 7.66 3.7 3.19 3.7 3.86 3.55 3.55 3.38 3.86 6.63 6.57 1.63 3.9 1.63 4.7 4.27 7.04 7.88 3.68 4.19 8.33 4.32 3.38 6.95 1.57 0.0 5.84 10.41 5.57 7.29 8.09 8.32 6.08 1.76 1.76 1.76 5.92 3.16 3.16 3.16 3.16 3.16 3.16 2.83 6.11 2.76 3.16
7.81 3.68 7.42 6.82 0.0 6.77 2.56 7.27 6.24 7.64 1.02 7.13 5.24 5.24 8.85 6.82 0.28 2.67 1.82 0.84 0.68 6.1 5.73 5.73 1.81 1.3 2.06 6.69 7.35 7.42 1.86 7.81 8.45 7.42 6.03 5.73 9.31 9.6 7.38 8.81 1.51 9.17 4.84 3.8 7.73 7.61 7.73 6.94 7.58 7.58 7.42 6.94 0.35 9.58 7.72 6.9 7.72 7.25 8.29 3.76 2.93 7.13 6.93 5.31 8.34 7.42 5.08 5.24 6.82 9.13 6.85 6.23 4.29 1.63 5.96 0.81 8.02 8.02 8.02 9.21 9.14 9.14 9.14 9.14 9.14 9.14 8.81 7.67 8.73 9.14
1.04 10.1 0.65 4.03 6.77 0.0 8.32 0.5 4.04 0.87 7.44 0.35 5.04 5.04 2.08 4.03 6.7 7.5 7.95 7.26 7.12 4.75 1.05 1.04 8.23 7.71 8.48 0.08 0.84 0.65 8.28 1.04 8.62 0.65 12.45 1.05 10.47 10.38 0.8 6.3 7.93 2.4 1.94 10.22 0.95 0.84 0.95 0.17 0.81 0.81 0.65 0.17 6.6 3.73 2.56 0.13 2.56 6.87 1.52 3.01 3.85 0.36 0.16 4.3 1.57 0.65 4.7 5.04 4.03 2.36 13.27 1.54 10.39 5.4 4.28 7.23 2.27 2.27 2.27 2.44 2.37 2.37 2.37 2.37 2.37 2.37 2.04 2.1 1.96 2.37
8.45 2.31 8.05 5.22 2.56 8.32 0.0 8.64 4.65 8.28 1.53 8.34 3.65 3.65 10.22 5.22 2.28 1.07 1.5 1.75 2.08 4.5 7.94 7.93 0.74 1.28 2.38 8.27 8.98 8.05 2.12 8.45 6.86 8.05 4.61 7.94 7.72 8.01 8.95 7.22 1.22 10.54 7.04 2.97 8.36 7.85 8.36 8.47 8.21 8.21 8.05 8.47 2.37 7.99 6.13 8.44 6.13 5.66 8.93 5.97 5.13 8.34 8.47 7.51 8.98 8.05 3.62 3.65 5.22 10.5 5.43 8.43 2.07 3.83 8.17 1.82 6.42 6.42 6.42 10.58 7.82 7.82 7.82 7.82 7.82 7.82 7.5 6.22 7.42 7.82
0.99 10.6 0.6 3.98 7.27 0.5 8.64 0.0 4.0 0.82 7.94 0.31 4.99 4.99 1.58 3.98 7.2 7.57 8.41 7.76 7.62 4.7 1.55 1.54 8.73 8.22 8.98 0.58 0.34 0.6 8.78 0.99 8.57 0.6 12.4 1.55 10.42 10.33 0.3 6.26 8.43 1.89 2.44 10.72 0.91 0.79 0.91 0.41 0.76 0.76 0.6 0.41 7.1 3.77 2.51 0.45 2.51 6.82 1.47 3.51 4.35 0.31 0.34 4.8 1.52 0.6 5.2 4.99 3.98 1.86 13.38 1.86 10.71 5.9 4.79 7.73 2.22 2.22 2.22 1.94 2.32 2.32 2.32 2.32 2.32 2.32 1.99 2.6 1.91 2.32
3.8 6.89 3.4 1.88 6.24 4.04 4.65 4.0 0.0 3.63 5.22 3.69 1.0 1.0 5.58 1.88 5.97 3.57 4.42 5.44 5.77 1.29 5.09 5.09 4.86 4.95 6.06 4.12 4.33 3.4 5.8 3.8 4.58 3.4 8.4 5.09 6.43 6.33 4.3 2.63 4.73 5.89 5.98 7.09 3.72 3.2 3.72 3.87 3.56 3.56 3.4 3.87 6.06 6.58 1.48 3.91 1.48 2.83 4.28 7.05 7.89 3.69 4.2 8.34 4.34 3.4 6.38 1.0 1.88 5.85 9.38 5.59 6.72 7.52 8.33 5.51 1.78 1.78 1.78 5.93 3.17 3.17 3.17 3.17 3.17 3.17 2.85 6.13 2.77 3.17
0.17 10.52 0.24 3.62 7.64 0.87 8.28 0.82 3.63 0.0 8.31 0.52 4.63 4.63 2.4 3.62 7.57 7.21 8.05 8.13 7.99 4.34 1.92 1.91 8.49 8.58 9.35 0.95 1.16 0.24 9.15 0.17 8.21 0.24 12.04 1.92 10.06 9.96 1.12 5.89 8.37 2.72 2.81 10.72 0.08 0.43 0.08 0.7 0.4 0.4 0.24 0.7 7.47 3.42 2.15 0.74 2.15 6.46 0.65 3.88 4.72 0.52 1.03 5.17 0.7 0.24 5.54 4.63 3.62 2.68 13.02 2.41 10.35 6.27 5.15 8.1 1.86 1.86 1.86 2.34 1.95 1.95 1.95 1.95 1.95 1.95 1.63 2.95 1.55 1.95
8.48 2.66 8.09 5.79 1.02 7.44 1.53 7.94 5.22 8.31 0.0 7.8 4.22 4.22 9.53 5.79 0.75 1.64 0.8 0.22 0.55 5.07 6.41 6.4 0.79 0.27 1.14 7.36 8.02 8.09 0.88 8.48 7.43 8.09 5.01 6.41 8.29 8.58 8.05 7.79 0.48 9.84 5.51 2.77 8.4 8.28 8.4 7.62 8.26 8.26 8.09 7.62 0.84 8.56 6.7 7.57 6.7 6.23 8.96 4.43 3.6 7.8 7.6 5.98 9.02 8.09 4.05 4.22 5.79 9.8 5.82 6.9 3.27 2.3 6.64 0.29 6.99 6.99 6.99 9.88 8.39 8.39 8.39 8.39 8.39 8.39 8.07 6.65 7.99 8.39
0.69 10.46 0.29 3.68 7.13 0.35 8.34 0.31 3.69 0.52 7.8 0.0 4.69 4.69 1.89 3.68 7.05 7.26 8.11 7.62 7.47 4.39 1.4 1.4 8.55 8.07 8.83 0.43 0.64 0.29 8.63 0.69 8.26 0.29 12.09 1.4 10.12 10.02 0.61 5.95 8.28 2.2 2.29 10.57 0.6 0.48 0.6 0.18 0.46 0.46 0.29 0.18 6.96 3.47 2.21 0.22 2.21 6.52 1.16 3.36 4.2 0.0 0.51 4.65 1.22 0.29 5.03 4.69 3.68 2.16 13.07 1.9 10.41 5.76 4.64 7.58 1.91 1.91 1.91 2.24 2.01 2.01 2.01 2.01 2.01 2.01 1.69 2.44 1.61 2.01
4.8 5.89 4.39 1.57 5.24 5.04 3.65 4.99 1.0 4.63 4.22 4.69 0.0 0.0 6.57 1.57 4.97 2.58 3.42 4.44 4.77 0.85 6.09 6.08 3.86 3.95 5.07 5.12 5.33 4.39 4.8 4.8 5.51 4.39 7.85 6.09 7.21 7.27 5.3 3.57 3.74 6.89 6.98 6.09 4.71 4.2 4.71 4.87 4.56 4.56 4.39 4.87 5.06 6.29 2.48 4.91 2.48 3.77 5.28 8.05 7.82 4.69 5.2 9.34 5.33 4.39 5.38 0.0 1.57 6.85 8.83 6.58 5.72 6.52 9.33 4.51 2.77 2.77 2.77 6.93 4.17 4.17 4.17 4.17 4.17 4.17 3.85 7.12 3.77 4.17
4.8 5.89 4.39 1.57 5.24 5.04 3.65 4.99 1.0 4.63 4.22 4.69 0.0 0.0 6.57 1.57 4.97 2.58 3.42 4.44 4.77 0.85 6.09 6.08 3.86 3.95 5.07 5.12 5.33 4.39 4.8 4.8 5.51 4.39 7.85 6.09 7.21 7.27 5.3 3.57 3.74 6.89 6.98 6.09 4.71 4.2 4.71 4.87 4.56 4.56 4.39 4.87 5.06 6.29 2.48 4.91 2.48 3.77 5.28 8.05 7.82 4.69 5.2 9.34 5.33 4.39 5.38 0.0 1.57 6.85 8.83 6.58 5.72 6.52 9.33 4.51 2.77 2.77 2.77 6.93 4.17 4.17 4.17 4.17 4.17 4.17 3.85 7.12 3.77 4.17
2.57 12.18 2.18 5.56 8.85 2.08 10.22 1.58 5.58 2.4 9.53 1.89 6.57 6.57 0.0 5.56 8.78 9.15 9.99 9.34 9.2 6.28 3.12 3.12 10.31 9.8 10.56 2.16 1.54 2.18 10.36 2.57 10.15 2.18 13.98 3.12 12.01 11.91 1.5 7.84 10.01 0.31 4.02 12.3 2.49 2.37 2.49 1.99 2.34 2.34 2.18 1.99 8.68 5.36 4.09 2.04 4.09 8.4 2.04 5.09 5.93 1.89 1.92 6.38 2.1 2.18 6.78 6.57 5.56 2.23 14.96 3.06 12.3 7.48 5.86 9.31 3.8 3.8 3.8 0.36 3.9 3.9 3.9 3.9 3.9 3.9 3.57 4.18 3.49 3.9
3.79 7.46 3.38 0.0 6.82 4.03 5.22 3.98 1.88 3.62 5.79 3.68 1.57 1.57 5.56 0.0 6.54 4.15 4.99 6.01 6.34 0.72 5.08 5.07 5.43 5.52 6.64 4.11 4.32 3.38 6.37 3.79 6.45 3.38 9.43 5.08 8.3 8.21 4.28 4.51 5.31 5.88 5.97 7.66 3.7 3.19 3.7 3.86 3.55 3.55 3.38 3.86 6.63 6.57 1.63 3.9 1.63 4.7 4.27 7.04 7.88 3.68 4.19 8.33 4.32 3.38 6.95 1.57 0.0 5.84 10.41 5.57 7.29 8.09 8.32 6.08 1.76 1.76 1.76 5.92 3.16 3.16 3.16 3.16 3.16 3.16 2.83 6.11 2.76 3.16
7.74 3.41 7.34 6.54 0.28 6.7 2.28 7.2 5.97 7.57 0.75 7.05 4.97 4.97 8.78 6.54 0.0 2.39 1.55 0.57 0.44 5.82 5.66 5.65 1.54 1.02 1.78 6.62 7.27 7.34 1.58 7.74 8.18 7.34 5.76 5.66 9.04 9.32 7.3 8.54 1.23 9.09 4.76 3.52 7.65 7.54 7.65 6.87 7.51 7.51 7.34 6.87 0.09 9.31 7.45 6.83 7.45 6.98 8.21 3.69 2.85 7.05 6.85 5.23 8.27 7.34 4.8 4.97 6.54 9.05 6.57 6.15 4.02 1.55 5.89 0.53 7.74 7.74 7.74 9.13 9.06 9.06 9.06 9.06 9.06 9.06 8.74 7.39 8.66 9.06
7.38 3.32 6.97 4.15 2.67 7.5 1.07 7.57 3.57 7.21 1.64 7.26 2.58 2.58 9.15 4.15 2.39 0.0 0.84 1.86 2.2 3.43 8.05 8.05 1.29 1.37 2.49 7.45 7.91 6.97 2.23 7.38 5.79 6.97 5.5 8.05 6.65 6.93 7.87 6.15 1.16 9.46 7.15 3.52 7.29 6.78 7.29 7.45 7.14 7.14 6.97 7.45 2.49 6.91 5.06 7.49 5.06 4.58 7.85 6.08 5.24 7.26 7.66 7.62 7.91 6.97 2.8 2.58 4.15 9.42 6.48 8.55 3.15 3.95 8.28 1.93 5.35 5.35 5.35 9.51 6.75 6.75 6.75 6.75 6.75 6.75 6.42 5.4 6.34 6.75
8.22 2.93 7.82 4.99 1.82 7.95 1.5 8.41 4.42 8.05 0.8 8.11 3.42 3.42 9.99 4.99 1.55 0.84 0.0 1.02 1.35 4.27 7.21 7.2 1.06 0.53 1.64 7.9 8.75 7.82 1.38 8.22 6.63 7.82 5.28 7.21 7.49 7.78 8.72 6.99 0.32 10.31 6.31 3.05 8.13 7.62 8.13 8.1 7.98 7.98 7.82 8.1 1.64 7.76 5.9 8.07 5.9 5.43 8.7 5.23 4.4 8.11 8.11 6.78 8.75 7.82 3.25 3.42 4.99 10.27 6.1 7.7 3.54 3.1 7.44 1.09 6.19 6.19 6.19 10.35 7.59 7.59 7.59 7.59 7.59 7.59 7.27 5.85 7.19 7.59
8.3 2.88 7.91 6.01 0.84 7.26 1.75 7.76 5.44 8.13 0.22 7.62 4.44 4.44 9.34 6.01 0.57 1.86 1.02 0.0 0.37 5.29 6.23 6.22 1.01 0.49 1.36 7.18 7.84 7.91 1.1 8.3 7.65 7.91 5.23 6.23 8.51 8.79 7.87 8.01 0.7 9.66 5.33 2.99 8.22 8.1 8.22 7.44 8.08 8.08 7.91 7.44 0.66 8.78 6.92 7.39 6.92 6.45 8.78 4.25 3.42 7.62 7.42 5.8 8.84 7.91 4.27 4.44 6.01 9.62 6.04 6.72 3.49 2.12 6.46 0.33 7.21 7.21 7.21 9.7 8.61 8.61 8.61 8.61 8.61 8.61 8.28 6.87 8.21 8.61
8.16 3.21 7.77 6.34 0.68 7.12 2.08 7.62 5.77 7.99 0.55 7.47 4.77 4.77 9.2 6.34 0.44 2.2 1.35 0.37 0.0 5.63 6.08 6.08 1.34 0.82 1.59 7.04 7.7 7.77 1.39 8.16 7.98 7.77 5.56 6.08 8.84 9.13 7.73 8.34 1.04 9.51 5.18 3.33 8.07 7.96 8.07 7.29 7.93 7.93 7.77 7.29 0.54 9.11 7.25 7.25 7.25 6.78 8.64 4.11 3.27 7.47 7.28 5.65 8.69 7.77 4.61 4.77 6.34 9.48 6.38 6.58 3.82 1.98 6.31 0.33 7.55 7.55 7.55 9.56 8.94 8.94 8.94 8.94 8.94 8.94 8.62 7.2 8.54 8.94
4.51 6.75 4.1 0.72 6.1 4.75 4.5 4.7 1.29 4.34 5.07 4.39 0.85 0.85 6.28 0.72 5.82 3.43 4.27 5.29 5.63 0.0 5.8 5.79 4.71 4.8 5.92 4.83 5.04 4.1 5.66 4.51 5.87 4.1 8.71 5.8 7.72 7.63 5.0 3.93 4.59 6.6 6.69 6.95 4.42 3.91 4.42 4.58 4.27 4.27 4.1 4.58 5.91 7.14 2.34 4.62 2.34 4.12 4.98 7.76 8.6 4.39 4.91 9.05 5.04 4.1 6.23 0.85 0.72 6.56 9.69 6.29 6.57 7.38 9.03 5.36 2.48 2.48 2.48 6.64 3.88 3.88 3.88 3.88 3.88 3.88 3.55 6.83 3.47 3.88
2.09 9.07 1.69 5.08 5.73 1.05 7.94 1.55 5.09 1.92 6.41 1.4 6.09 6.09 3.12 5.08 5.66 8.05 7.21 6.23 6.08 5.8 0.0 0.0 7.2 6.68 7.44 0.97 1.62 1.69 7.24 2.09 9.67 1.69 11.41 0.0 11.52 11.42 1.64 7.35 6.89 3.44 0.9 9.18 2.0 1.89 2.0 1.22 1.86 1.86 1.69 1.22 5.57 4.78 3.61 1.18 3.61 7.92 2.56 1.97 2.81 1.4 1.2 3.26 2.62 1.69 5.61 6.09 5.08 3.4 12.23 0.5 9.68 4.37 3.25 6.19 3.31 3.31 3.31 3.48 3.41 3.41 3.41 3.41 3.41 3.41 3.09 3.02 3.01 3.41
2.08 9.06 1.69 5.07 5.73 1.04 7.93 1.54 5.09 1.91 6.4 1.4 6.08 6.08 3.12 5.07 5.65 8.05 7.2 6.22 6.08 5.79 0.0 0.0 7.19 6.67 7.44 0.96 1.62 1.69 7.24 2.08 9.66 1.69 11.41 0.0 11.51 11.42 1.65 7.35 6.89 3.44 0.89 9.18 2.0 1.88 2.0 1.21 1.85 1.85 1.69 1.21 5.56 4.77 3.6 1.17 3.6 7.91 2.56 1.97 2.8 1.4 1.2 3.26 2.61 1.69 5.61 6.08 5.07 3.4 12.23 0.5 9.67 4.36 3.24 6.18 3.31 3.31 3.31 3.48 3.41 3.41 3.41 3.41 3.41 3.41 3.08 3.02 3.0 3.41
8.66 2.12 8.26 5.43 1.81 8.23 0.74 8.73 4.86 8.49 0.79 8.55 3.86 3.86 10.31 5.43 1.54 1.29 1.06 1.01 1.34 4.71 7.2 7.19 0.0 0.53 1.63 8.15 8.81 8.26 1.37 8.66 7.07 8.26 4.46 7.2 7.93 8.22 8.84 7.43 0.75 10.63 6.3 2.23 8.58 8.06 8.58 8.41 8.42 8.42 8.26 8.41 1.63 8.2 6.34 8.36 6.34 5.87 9.14 5.22 4.39 8.55 8.39 6.77 9.19 8.26 3.83 3.86 5.43 10.59 5.28 7.69 2.48 3.09 7.43 1.08 6.64 6.64 6.64 10.67 8.03 8.03 8.03 8.03 8.03 8.03 7.71 6.43 7.63 8.03
8.75 2.4 8.34 5.52 1.3 7.71 1.28 8.22 4.95 8.58 0.27 8.07 3.95 3.95 9.8 5.52 1.02 1.37 0.53 0.49 0.82 4.8 6.68 6.67 0.53 0.0 1.12 7.64 8.29 8.34 0.85 8.75 7.16 8.34 4.75 6.68 8.02 8.3 8.32 7.52 0.21 10.11 5.78 2.52 8.66 8.15 8.66 7.89 8.51 8.51 8.34 7.89 1.11 8.29 6.43 7.85 6.43 5.96 9.23 4.71 3.87 8.07 7.87 6.25 9.28 8.34 3.78 3.95 5.52 10.07 5.57 7.17 3.01 2.57 6.91 0.56 6.72 6.72 6.72 10.15 8.12 8.12 8.12 8.12 8.12 8.12 7.79 6.38 7.72 8.12
9.52 3.5 9.12 6.64 2.06 8.48 2.38 8.98 6.06 9.35 1.14 8.83 5.07 5.07 10.56 6.64 1.78 2.49 1.64 1.36 1.59 5.92 7.44 7.44 1.63 1.12 0.0 8.4 9.06 9.12 0.26 9.52 8.27 9.12 5.85 7.44 9.14 9.42 9.08 8.64 1.33 10.87 6.54 3.62 9.43 9.27 9.43 8.65 9.29 9.29 9.12 8.65 1.87 9.4 7.55 8.61 7.55 7.07 9.99 5.47 4.63 8.83 8.63 7.01 10.05 9.12 4.9 5.07 6.64 10.83 6.67 7.94 4.11 3.34 7.67 1.33 7.84 7.84 7.84 10.91 9.24 9.24 9.24 9.24 9.24 9.24 8.91 7.49 8.83 9.24
1.12 10.02 0.73 4.11 6.69 0.08 8.27 0.58 4.12 0.95 7.36 0.43 5.12 5.12 2.16 4.11 6.62 7.45 7.9 7.18 7.04 4.83 0.97 0.96 8.15 7.64 8.4 0.0 0.92 0.73 8.2 1.12 8.7 0.73 12.37 0.97 10.55 10.46 0.88 6.38 7.85 2.48 1.86 10.14 1.03 0.92 1.03 0.25 0.89 0.89 0.73 0.25 6.52 3.81 2.64 0.21 2.64 6.95 1.6 2.93 3.77 0.43 0.24 4.22 1.65 0.73 4.65 5.12 4.11 2.44 13.19 1.46 10.34 5.32 4.2 7.15 2.35 2.35 2.35 2.52 2.44 2.44 2.44 2.44 2.44 2.44 2.12 2.06 2.04 2.44
1.33 10.68 0.94 4.32 7.35 0.84 8.98 0.34 4.33 1.16 8.02 0.64 5.33 5.33 1.54 4.32 7.27 7.91 8.75 7.84 7.7 5.04 1.62 1.62 8.81 8.29 9.06 0.92 0.0 0.94 8.86 1.33 8.91 0.94 12.74 1.62 10.76 10.66 0.04 6.59 8.51 1.86 2.51 10.8 1.24 1.13 1.24 0.75 1.1 1.1 0.94 0.75 7.18 4.11 2.85 0.79 2.85 7.16 1.81 3.59 4.42 0.64 0.68 4.87 1.86 0.94 5.53 5.33 4.32 2.16 13.72 1.55 11.05 5.98 4.86 7.8 2.56 2.56 2.56 1.9 2.65 2.65 2.65 2.65 2.65 2.65 2.33 2.94 2.25 2.65
0.41 10.29 0.0 3.38 7.42 0.65 8.05 0.6 3.4 0.24 8.09 0.29 4.39 4.39 2.18 3.38 7.34 6.97 7.82 7.91 7.77 4.1 1.69 1.69 8.26 8.34 9.12 0.73 0.94 0.0 8.93 0.41 7.97 0.0 11.8 1.69 9.83 9.73 0.9 5.66 8.13 2.49 2.58 10.49 0.32 0.19 0.32 0.47 0.17 0.17 0.0 0.47 7.25 3.18 1.91 0.52 1.91 6.22 0.88 3.66 4.49 0.29 0.8 4.94 0.94 0.0 5.32 4.39 3.38 2.45 12.78 2.19 10.12 6.05 4.93 7.87 1.62 1.62 1.62 2.54 1.72 1.72 1.72 1.72 1.72 1.72 1.39 2.73 1.32 1.72
9.32 3.24 8.93 6.37 1.86 8.28 2.12 8.78 5.8 9.15 0.88 8.63 4.8 4.8 10.36 6.37 1.58 2.23 1.38 1.1 1.39 5.66 7.24 7.24 1.37 0.85 0.26 8.2 8.86 8.93 0.0 9.32 8.01 8.93 5.59 7.24 8.87 9.16 8.89 8.37 1.07 10.67 6.34 3.36 9.23 9.01 9.23 8.45 9.09 9.09 8.93 8.45 1.68 9.14 7.28 8.41 7.28 6.81 9.8 5.27 4.43 8.63 8.43 6.81 9.85 8.93 4.64 4.8 6.37 10.63 6.41 7.74 3.85 3.14 7.47 1.13 7.58 7.58 7.58 10.72 8.97 8.97 8.97 8.97 8.97 8.97 8.65 7.23 8.57 8.97
0.0 10.69 0.41 3.79 7.81 1.04 8.45 0.99 3.8 0.17 8.48 0.69 4.8 4.8 2.57 3.79 7.74 7.38 8.22 8.3 8.16 4.51 2.09 2.08 8.66 8.75 9.52 1.12 1.33 0.41 9.32 0.0 8.38 0.41 12.21 2.09 10.23 10.14 1.29 6.06 8.54 2.89 2.98 10.89 0.09 0.6 0.09 0.87 0.27 0.27 0.41 0.87 7.64 3.59 2.32 0.91 2.32 6.63 0.82 4.05 4.89 0.69 1.2 5.34 0.87 0.41 5.72 4.8 3.79 2.85 13.19 2.58 10.52 6.44 5.33 8.27 2.03 2.03 2.03 2.51 2.12 2.12 2.12 2.12 2.12 2.12 1.8 3.12 1.72 2.12
8.38 8.08 7.97 6.45 8.45 8.62 6.86 8.57 4.58 8.21 7.43 8.26 5.51 5.51 10.15 6.45 8.18 5.79 6.63 7.65 7.98 5.87 9.67 9.66 7.07 7.16 8.27 8.7 8.91 7.97 8.01 8.38 0.0 7.97 5.73 9.67 2.1 2.05 8.87 3.41 6.95 10.47 10.56 8.74 8.29 7.78 8.29 8.45 8.14 8.14 7.97 8.45 8.27 11.16 6.06 8.49 6.06 3.21 8.85 11.63 11.03 8.26 8.78 12.92 8.91 7.97 8.59 5.51 6.45 10.43 5.87 10.16 8.21 9.73 12.9 7.72 6.35 6.35 6.35 10.51 7.75 7.75 7.75 7.75 7.75 7.75 7.42 10.7 7.34 7.75
0.41 10.29 0.0 3.38 7.42 0.65 8.05 0.6 3.4 0.24 8.09 0.29 4.39 4.39 2.18 3.38 7.34 6.97 7.82 7.91 7.77 4.1 1.69 1.69 8.26 8.34 9.12 0.73 0.94 0.0 8.93 0.41 7.97 0.0 11.8 1.69 9.83 9.73 0.9 5.66 8.13 2.49 2.58 10.49 0.32 0.19 0.32 0.47 0.17 0.17 0.0 0.47 7.25 3.18 1.91 0.52 1.91 6.22 0.88 3.66 4.49 0.29 0.8 4.94 0.94 0.0 5.32 4.39 3.38 2.45 12.78 2.19 10.12 6.05 4.93 7.87 1.62 1.62 1.62 2.54 1.72 1.72 1.72 1.72 1.72 1.72 1.39 2.73 1.32 1.72
12.21 2.35 11.8 9.43 6.03 12.45 4.61 12.4 8.4 12.04 5.01 12.09 7.85 7.85 13.98 9.43 5.76 5.5 5.28 5.23 5.56 8.71 11.41 11.41 4.46 4.75 5.85 12.37 12.74 11.8 5.59 12.21 5.73 11.8 0.0 11.41 3.93 4.21 12.7 8.91 4.96 14.29 10.52 3.01 12.12 11.61 12.12 12.27 11.96 11.96 11.8 12.27 5.85 12.19 9.89 12.32 9.89 5.94 12.68 9.44 8.61 12.09 12.6 10.99 12.74 11.8 8.21 7.85 9.43 14.25 1.12 11.91 3.17 7.31 11.64 5.3 10.18 10.18 10.18 14.34 11.58 11.58 11.58 11.58 11.58 11.58 11.25 10.81 11.17 11.58
2.09 9.07 1.69 5.08 5.73 1.05 7.94 1.55 5.09 1.92 6.41 1.4 6.09 6.09 3.12 5.08 5.66 8.05 7.21 6.23 6.08 5.8 0.0 0.0 7.2 6.68 7.44 0.97 1.62 1.69 7.24 2.09 9.67 1.69 11.41 0.0 11.52 11.42 1.64 7.35 6.89 3.44 0.9 9.18 2.0 1.89 2.0 1.22 1.86 1.86 1.69 1.22 5.57 4.78 3.61 1.18 3.61 7.92 2.56 1.97 2.81 1.4 1.2 3.26 2.62 1.69 5.61 6.09 5.08 3.4 12.23 0.5 9.68 4.37 3.25 6.19 3.31 3.31 3.31 3.48 3.41 3.41 3.41 3.41 3.41 3.41 3.09 3.02 3.01 3.41
10.23 6.27 9.83 8.3 9.31 10.47 7.72 10.42 6.43 10.06 8.29 10.12 7.21 7.21 12.01 8.3 9.04 6.65 7.49 8.51 8.84 7.72 11.52 11.51 7.93 8.02 9.14 10.55 10.76 9.83 8.87 10.23 2.1 9.83 3.93 11.52 0.0 0.28 10.73 5.26 7.81 12.32 12.41 6.94 10.14 9.63 10.14 10.3 9.99 9.99 9.83 10.3 9.13 13.01 7.91 10.34 7.91 4.52 10.71 12.73 11.89 10.12 10.63 14.27 10.76 9.83 9.45 7.21 8.3 12.28 3.85 12.01 7.1 10.59 14.76 8.58 8.2 8.2 8.2 12.36 9.6 9.6 9.6 9.6 9.6 9.6 9.28 12.04 9.2 9.6
10.14 6.56 9.73 8.21 9.6 10.38 8.01 10.33 6.33 9.96 8.58 10.02 7.27 7.27 11.91 8.21 9.32 6.93 7.78 8.79 9.13 7.63 11.42 11.42 8.22 8.3 9.42 10.46 10.66 9.73 9.16 10.14 2.05 9.73 4.21 11.42 0.28 0.0 10.63 5.17 8.09 12.22 12.31 7.22 10.05 9.54 10.05 10.2 9.89 9.89 9.73 10.2 9.42 12.91 7.81 10.25 7.81 4.81 10.61 13.01 12.17 10.02 10.53 14.55 10.67 9.73 9.74 7.27 8.21 12.18 4.14 11.92 7.38 10.88 14.66 8.86 8.11 8.11 8.11 12.26 9.5 9.5 9.5 9.5 9.5 9.5 9.18 12.33 9.1 9.5
1.29 10.71 0.9 4.28 7.38 0.8 8.95 0.3 4.3 1.12 8.05 0.61 5.3 5.3 1.5 4.28 7.3 7.87 8.72 7.87 7.73 5.0 1.64 1.65 8.84 8.32 9.08 0.88 0.04 0.9 8.89 1.29 8.87 0.9 12.7 1.64 10.73 10.63 0.0 6.56 8.53 1.82 2.54 10.82 1.21 1.09 1.21 0.71 1.07 1.07 0.9 0.71 7.21 4.08 2.82 0.76 2.82 7.13 1.77 3.62 4.45 0.61 0.65 4.9 1.83 0.9 5.5 5.3 4.28 2.12 13.68 1.58 11.02 6.01 4.89 7.83 2.52 2.52 2.52 1.86 2.62 2.62 2.62 2.62 2.62 2.62 2.29 2.91 2.22 2.62
6.06 9.46 5.66 4.51 8.81 6.3 7.22 6.26 2.63 5.89 7.79 5.95 3.57 3.57 7.84 4.51 8.54 6.15 6.99 8.01 8.34 3.93 7.35 7.35 7.43 7.52 8.64 6.38 6.59 5.66 8.37 6.06 3.41 5.66 8.91 7.35 5.26 5.17 6.56 0.0 7.31 8.15 8.24 9.66 5.98 5.46 5.98 6.13 5.82 5.82 5.66 6.13 8.63 8.84 3.74 6.17 3.74 4.16 6.54 9.31 10.15 5.95 6.46 10.6 6.6 5.66 8.95 3.57 4.51 8.11 9.04 7.85 9.29 10.09 10.59 8.08 4.04 4.04 4.04 8.19 5.43 5.43 5.43 5.43 5.43 5.43 5.11 8.39 5.03 5.43
8.54 2.62 8.13 5.31 1.51 7.93 1.22 8.43 4.73 8.37 0.48 8.28 3.74 3.74 10.01 5.31 1.23 1.16 0.32 0.7 1.04 4.59 6.89 6.89 0.75 0.21 1.33 7.85 8.51 8.13 1.07 8.54 6.95 8.13 4.96 6.89 7.81 8.09 8.53 7.31 0.0 10.32 5.99 2.73 8.45 7.94 8.45 8.1 8.3 8.3 8.13 8.1 1.32 8.07 6.22 8.06 6.22 5.74 9.01 4.92 4.08 8.28 8.08 6.46 9.07 8.13 3.57 3.74 5.31 10.28 5.78 7.39 3.23 2.79 7.12 0.77 6.51 6.51 6.51 10.37 7.91 7.91 7.91 7.91 7.91 7.91 7.58 6.16 7.5 7.91
2.89 12.5 2.49 5.88 9.17 2.4 10.54 1.89 5.89 2.72 9.84 2.2 6.89 6.89 0.31 5.88 9.09 9.46 10.31 9.66 9.51 6.6 3.44 3.44 10.63 10.11 10.87 2.48 1.86 2.49 10.67 2.89 10.47 2.49 14.29 3.44 12.32 12.22 1.82 8.15 10.32 0.0 4.33 12.61 2.8 2.69 2.8 2.31 2.66 2.66 2.49 2.31 9.0 5.67 4.41 2.35 4.41 8.72 2.35 5.4 6.24 2.2 2.24 6.69 2.41 2.49 7.09 6.89 5.88 2.54 15.27 3.37 12.61 7.8 6.17 9.62 4.11 4.11 4.11 0.67 4.21 4.21 4.21 4.21 4.21 4.21 3.89 4.5 3.81 4.21
2.98 8.17 2.58 5.97 4.84 1.94 7.04 2.44 5.98 2.81 5.51 2.29 6.98 6.98 4.02 5.97 4.76 7.15 6.31 5.33 5.18 6.69 0.9 0.89 6.3 5.78 6.54 1.86 2.51 2.58 6.34 2.98 10.56 2.58 10.52 0.9 12.41 12.31 2.54 8.24 5.99 4.33 0.0 8.28 2.89 2.78 2.89 2.11 2.75 2.75 2.58 2.11 4.67 5.67 4.5 2.07 4.5 8.81 3.45 1.07 1.91 2.29 2.09 2.36 3.51 2.58 6.5 6.98 5.97 4.29 11.33 1.39 8.78 3.47 3.02 5.29 4.21 4.21 4.21 4.37 4.3 4.3 4.3 4.3 4.3 4.3 3.98 3.91 3.9 4.3
10.89 0.75 10.49 7.66 3.8 10.22 2.97 10.72 7.09 10.72 2.77 10.57 6.09 6.09 12.3 7.66 3.52 3.52 3.05 2.99 3.33 6.95 9.18 9.18 2.23 2.52 3.62 10.14 10.8 10.49 3.36 10.89 8.74 10.49 3.01 9.18 6.94 7.22 10.82 9.66 2.73 12.61 8.28 0.0 10.81 10.3 10.81 10.39 10.65 10.65 10.49 10.39 3.62 10.43 8.57 10.35 8.57 8.1 11.37 7.21 6.37 10.57 10.37 8.75 11.43 10.49 6.07 6.09 7.66 12.57 3.83 9.68 2.05 5.08 9.41 3.06 8.87 8.87 8.87 12.66 10.26 10.26 10.26 10.26 10.26 10.26 9.94 8.66 9.86 10.26
0.09 10.61 0.32 3.7 7.73 0.95 8.36 0.91 3.72 0.08 8.4 0.6 4.71 4.71 2.49 3.7 7.65 7.29 8.13 8.22 8.07 4.42 2.0 2.0 8.58 8.66 9.43 1.03 1.24 0.32 9.23 0.09 8.29 0.32 12.12 2.0 10.14 10.05 1.21 5.98 8.45 2.8 2.89 10.81 0.0 0.51 0.0 0.78 0.35 0.35 0.32 0.78 7.56 3.5 2.23 0.82 2.23 6.54 0.73 3.96 4.8 0.6 1.11 5.25 0.79 0.32 5.63 4.71 3.7 2.76 13.1 2.5 10.43 6.36 5.24 8.18 1.94 1.94 1.94 2.42 2.04 2.04 2.04 2.04 2.04 2.04 1.71 3.04 1.63 2.04
0.6 10.1 0.19 3.19 7.61 0.84 7.85 0.79 3.2 0.43 8.28 0.48 4.2 4.2 2.37 3.19 7.54 6.78 7.62 8.1 7.96 3.91 1.89 1.88 8.06 8.15 9.27 0.92 1.13 0.19 9.01 0.6 7.78 0.19 11.61 1.89 9.63 9.54 1.09 5.46 7.94 2.69 2.78 10.3 0.51 0.0 0.51 0.67 0.36 0.36 0.19 0.67 7.44 3.38 1.72 0.71 1.72 6.03 1.07 3.85 4.69 0.48 1.0 5.14 1.13 0.19 5.51 4.2 3.19 2.65 12.59 2.38 9.92 6.24 5.12 8.07 1.43 1.43 1.43 2.73 1.53 1.53 1.53 1.53 1.53 1.53 1.2 2.92 1.12 1.53
0.09 10.61 0.32 3.7 7.73 0.95 8.36 0.91 3.72 0.08 8.4 0.6 4.71 4.71 2.49 3.7 7.65 7.29 8.13 8.22 8.07 4.42 2.0 2.0 8.58 8.66 9.43 1.03 1.24 0.32 9.23 0.09 8.29 0.32 12.12 2.0 10.14 10.05 1.21 5.98 8.45 2.8 2.89 10.81 0.0 0.51 0.0 0.78 0.35 0.35 0.32 0.78 7.56 3.5 2.23 0.82 2.23 6.54 0.73 3.96 4.8 0.6 1.11 5.25 0.79 0.32 5.63 4.71 3.7 2.76 13.1 2.5 10.43 6.36 5.24 8.18 1.94 1.94 1.94 2.42 2.04 2.04 2.04 2.04 2.04 2.04 1.71 3.04 1.63 2.04
0.87 10.28 0.47 3.86 6.94 0.17 8.47 0.41 3.87 0.7 7.62 0.18 4.87 4.87 1.99 3.86 6.87 7.45 8.1 7.44 7.29 4.58 1.22 1.21 8.41 7.89 8.65 0.25 0.75 0.47 8.45 0.87 8.45 0.47 12.27 1.22 10.3 10.2 0.71 6.13 8.1 2.31 2.11 10.39 0.78 0.67 0.78 0.0 0.64 0.64 0.47 0.0 6.78 3.56 2.39 0.04 2.39 6.7 1.34 3.18 4.02 0.18 0.33 4.47 1.4 0.47 4.85 4.87 3.86 2.27 13.25 1.71 10.54 5.58 4.46 7.4 2.1 2.1 2.1 2.35 2.19 2.19 2.19 2.19 2.19 2.19 1.87 2.25 1.79 2.19
0.27 10.45 0.17 3.55 7.58 0.81 8.21 0.76 3.56 0.4 8.26 0.46 4.56 4.56 2.34 3.55 7.51 7.14 7.98 8.08 7.93 4.27 1.86 1.85 8.42 8.51 9.29 0.89 1.1 0.17 9.09 0.27 8.14 0.17 11.96 1.86 9.99 9.89 1.07 5.82 8.3 2.66 2.75 10.65 0.35 0.36 0.35 0.64 0.0 0.0 0.17 0.64 7.42 3.35 2.08 0.68 2.08 6.39 1.05 3.82 4.66 0.46 0.97 5.11 1.1 0.17 5.49 4.56 3.55 2.62 12.94 2.35 10.28 6.22 5.1 8.04 1.79 1.79 1.79 2.7 1.88 1.88 1.88 1.88 1.88 1.88 1.56 2.89 1.48 1.88
0.27 10.45 0.17 3.55 7.58 0.81 8.21 0.76 3.56 0.4 8.26 0.46 4.56 4.56 2.34 3.55 7.51 7.14 7.98 8.08 7.93 4.27 1.86 1.85 8.42 8.51 9.29 0.89 1.1 0.17 9.09 0.27 8.14 0.17 11.96 1.86 9.99 9.89 1.07 5.82 8.3 2.66 2.75 10.65 0.35 0.36 0.35 0.64 0.0 0.0 0.17 0.64 7.42 3.35 2.08 0.68 2.08 6.39 1.05 3.82 4.66 0.46 0.97 5.11 1.1 0.17 5.49 4.56 3.55 2.62 12.94 2.35 10.28 6.22 5.1 8.04 1.79 1.79 1.79 2.7 1.88 1.88 1.88 1.88 1.88 1.88 1.56 2.89 1.48 1.88
0.41 10.29 0.0 3.38 7.42 0.65 8.05 0.6 3.4 0.24 8.09 0.29 4.39 4.39 2.18 3.38 7.34 6.97 7.82 7.91 7.77 4.1 1.69 1.69 8.26 8.34 9.12 0.73 0.94 0.0 8.93 0.41 7.97 0.0 11.8 1.69 9.83 9.73 0.9 5.66 8.13 2.49 2.58 10.49 0.32 0.19 0.32 0.47 0.17 0.17 0.0 0.47 7.25 3.18 1.91 0.52 1.91 6.22 0.88 3.66 4.49 0.29 0.8 4.94 0.94 0.0 5.32 4.39 3.38 2.45 12.78 2.19 10.12 6.05 4.93 7.87 1.62 1.62 1.62 2.54 1.72 1.72 1.72 1.72 1.72 1.72 1.39 2.73 1.32 1.72
0.87 10.28 0.47 3.86 6.94 0.17 8.47 0.41 3.87 0.7 7.62 0.18 4.87 4.87 1.99 3.86 6.87 7.45 8.1 7.44 7.29 4.58 1.22 1.21 8.41 7.89 8.65 0.25 0.75 0.47 8.45 0.87 8.45 0.47 12.27 1.22 10.3 10.2 0.71 6.13 8.1 2.31 2.11 10.39 0.78 0.67 0.78 0.0 0.64 0.64 0.47 0.0 6.78 3.56 2.39 0.04 2.39 6.7 1.34 3.18 4.02 0.18 0.33 4.47 1.4 0.47 4.85 4.87 3.86 2.27 13.25 1.71 10.54 5.58 4.46 7.4 2.1 2.1 2.1 2.35 2.19 2.19 2.19 2.19 2.19 2.19 1.87 2.25 1.79 2.19
7.64 3.5 7.25 6.63 0.35 6.6 2.37 7.1 6.06 7.47 0.84 6.96 5.06 5.06 8.68 6.63 0.09 2.49 1.64 0.66 0.54 5.91 5.57 5.56 1.63 1.11 1.87 6.52 7.18 7.25 1.68 7.64 8.27 7.25 5.85 5.57 9.13 9.42 7.21 8.63 1.32 9.0 4.67 3.62 7.56 7.44 7.56 6.78 7.42 7.42 7.25 6.78 0.0 9.4 7.54 6.73 7.54 7.07 8.12 3.59 2.76 6.96 6.76 5.14 8.18 7.25 4.89 5.06 6.63 8.96 6.67 6.06 4.11 1.46 5.8 0.62 7.83 7.83 7.83 9.04 8.97 8.97 8.97 8.97 8.97 8.97 8.64 7.49 8.57 8.97
3.59 10.23 3.18 6.57 9.58 3.73 7.99 3.77 6.58 3.42 8.56 3.47 6.29 6.29 5.36 6.57 9.31 6.91 7.76 8.78 9.11 7.14 4.78 4.77 8.2 8.29 9.4 3.81 4.11 3.18 9.14 3.59 11.16 3.18 12.19 4.78 13.01 12.91 4.08 8.84 8.07 5.67 5.67 10.43 3.5 3.38 3.5 3.56 3.35 3.35 3.18 3.56 9.4 0.0 5.1 3.6 5.1 9.41 4.07 6.74 7.58 3.47 3.89 8.03 4.12 3.18 8.22 6.29 6.57 5.63 13.17 5.27 10.06 9.13 8.02 8.85 4.81 4.81 4.81 5.71 4.9 4.9 4.9 4.9 4.9 4.9 4.58 5.81 4.5 4.9
2.32 8.37 1.91 1.63 7.72 2.56 6.13 2.51 1.48 2.15 6.7 2.21 2.48 2.48 4.09 1.63 7.45 5.06 5.9 6.92 7.25 2.34 3.61 3.6 6.34 6.43 7.55 2.64 2.85 1.91 7.28 2.32 6.06 1.91 9.89 3.61 7.91 7.81 2.82 3.74 6.22 4.41 4.5 8.57 2.23 1.72 2.23 2.39 2.08 2.08 1.91 2.39 7.54 5.1 0.0 2.43 0.0 4.31 2.8 5.57 6.41 2.21 2.72 6.86 2.85 1.91 7.24 2.48 1.63 4.37 10.87 4.1 8.2 7.97 6.85 6.99 0.29 0.29 0.29 4.45 1.69 1.69 1.69 1.69 1.69 1.69 1.37 4.64 1.29 1.69
0.91 10.23 0.52 3.9 6.9 0.13 8.44 0.45 3.91 0.74 7.57 0.22 4.91 4.91 2.04 3.9 6.83 7.49 8.07 7.39 7.25 4.62 1.18 1.17 8.36 7.85 8.61 0.21 0.79 0.52 8.41 0.91 8.49 0.52 12.32 1.18 10.34 10.25 0.76 6.17 8.06 2.35 2.07 10.35 0.82 0.71 0.82 0.04 0.68 0.68 0.52 0.04 6.73 3.6 2.43 0.0 2.43 6.74 1.39 3.14 3.98 0.22 0.29 4.43 1.44 0.52 4.82 4.91 3.9 2.31 13.3 1.67 10.51 5.53 4.42 7.36 2.14 2.14 2.14 2.39 2.23 2.23 2.23 2.23 2.23 2.23 1.91 2.23 1.83 2.23
2.32 8.37 1.91 1.63 7.72 2.56 6.13 2.51 1.48 2.15 6.7 2.21 2.48 2.48 4.09 1.63 7.45 5.06 5.9 6.92 7.25 2.34 3.61 3.6 6.34 6.43 7.55 2.64 2.85 1.91 7.28 2.32 6.06 1.91 9.89 3.61 7.91 7.81 2.82 3.74 6.22 4.41 4.5 8.57 2.23 1.72 2.23 2.39 2.08 2.08 1.91 2.39 7.54 5.1 0.0 2.43 0.0 4.31 2.8 5.57 6.41 2.21 2.72 6.86 2.85 1.91 7.24 2.48 1.63 4.37 10.87 4.1 8.2 7.97 6.85 6.99 0.29 0.29 0.29 4.45 1.69 1.69 1.69 1.69 1.69 1.69 1.37 4.64 1.29 1.69
6.63 7.65 6.22 4.7 7.25 6.87 5.66 6.82 2.83 6.46 6.23 6.52 3.77 3.77 8.4 4.7 6.98 4.58 5.43 6.45 6.78 4.12 7.92 7.91 5.87 5.96 7.07 6.95 7.16 6.22 6.81 6.63 3.21 6.22 5.94 7.92 4.52 4.81 7.13 4.16 5.74 8.72 8.81 8.1 6.54 6.03 6.54 6.7 6.39 6.39 6.22 6.7 7.07 9.41 4.31 6.74 4.31 0.0 7.11 9.88 9.83 6.52 7.03 11.17 7.16 6.22 7.39 3.77 4.7 8.68 6.92 8.41 7.01 8.53 11.16 6.52 4.6 4.6 4.6 8.76 6.0 6.0 6.0 6.0 6.0 6.0 5.68 8.95 5.6 6.0
0.82 11.17 0.88 4.27 8.29 1.52 8.93 1.47 4.28 0.65 8.96 1.16 5.28 5.28 2.04 4.27 8.21 7.85 8.7 8.78 8.64 4.98 2.56 2.56 9.14 9.23 9.99 1.6 1.81 0.88 9.8 0.82 8.85 0.88 12.68 2.56 10.71 10.61 1.77 6.54 9.01 2.35 3.45 11.37 0.73 1.07 0.73 1.34 1.05 1.05 0.88 1.34 8.12 4.07 2.8 1.39 2.8 7.11 0.0 4.53 5.36 1.16 1.67 5.81 0.06 0.88 6.19 5.28 4.27 2.32 13.66 3.06 11.0 6.92 5.8 8.74 2.5 2.5 2.5 1.69 2.6 2.6 2.6 2.6 2.6 2.6 2.28 3.6 2.2 2.6
4.05 7.09 3.66 7.04 3.76 3.01 5.97 3.51 7.05 3.88 4.43 3.36 8.05 8.05 5.09 7.04 3.69 6.08 5.23 4.25 4.11 7.76 1.97 1.97 5.22 4.71 5.47 2.93 3.59 3.66 5.27 4.05 11.63 3.66 9.44 1.97 12.73 13.01 3.62 9.31 4.92 5.4 1.07 7.21 3.96 3.85 3.96 3.18 3.82 3.82 3.66 3.18 3.59 6.74 5.57 3.14 5.57 9.88 4.53 0.0 0.84 3.36 3.17 1.54 4.58 3.66 7.58 8.05 7.04 5.37 10.26 2.47 7.7 2.39 2.2 4.22 5.28 5.28 5.28 5.45 5.37 5.37 5.37 5.37 5.37 5.37 5.05 4.98 4.97 5.37
4.89 6.26 4.49 7.88 2.93 3.85 5.13 4.35 7.89 4.72 3.6 4.2 7.82 7.82 5.93 7.88 2.85 5.24 4.4 3.42 3.27 8.6 2.81 2.8 4.39 3.87 4.63 3.77 4.42 4.49 4.43 4.89 11.03 4.49 8.61 2.81 11.89 12.17 4.45 10.15 4.08 6.24 1.91 6.37 4.8 4.69 4.8 4.02 4.66 4.66 4.49 4.02 2.76 7.58 6.41 3.98 6.41 9.83 5.36 0.84 0.0 4.2 4.0 2.38 5.42 4.49 7.65 7.82 7.88 6.2 9.42 3.3 6.87 1.56 3.04 3.38 6.11 6.11 6.11 6.28 6.21 6.21 6.21 6.21 6.21 6.21 5.89 5.82 5.81 6.21
0.69 10.46 0.29 3.68 7.13 0.36 8.34 0.31 3.69 0.52 7.8 0.0 4.69 4.69 1.89 3.68 7.05 7.26 8.11 7.62 7.47 4.39 1.4 1.4 8.55 8.07 8.83 0.43 0.64 0.29 8.63 0.69 8.26 0.29 12.09 1.4 10.12 10.02 0.61 5.95 8.28 2.2 2.29 10.57 0.6 0.48 0.6 0.18 0.46 0.46 0.29 0.18 6.96 3.47 2.21 0.22 2.21 6.52 1.16 3.36 4.2 0.0 0.51 4.65 1.22 0.29 5.03 4.69 3.68 2.16 13.07 1.9 10.41 5.76 4.64 7.58 1.91 1.91 1.91 2.24 2.01 2.01 2.01 2.01 2.01 2.01 1.69 2.44 1.61 2.01
1.2 10.26 0.8 4.19 6.93 0.16 8.47 0.34 4.2 1.03 7.6 0.51 5.2 5.2 1.92 4.19 6.85 7.66 8.11 7.42 7.28 4.91 1.2 1.2 8.39 7.87 8.63 0.24 0.68 0.8 8.43 1.2 8.78 0.8 12.6 1.2 10.63 10.53 0.65 6.46 8.08 2.24 2.09 10.37 1.11 1.0 1.11 0.33 0.97 0.97 0.8 0.33 6.76 3.89 2.72 0.29 2.72 7.03 1.67 3.17 4.0 0.51 0.0 4.45 1.73 0.8 4.85 5.2 4.19 2.2 13.42 1.7 10.55 5.56 4.44 7.38 2.43 2.43 2.43 2.28 2.52 2.52 2.52 2.52 2.52 2.52 2.2 2.26 2.12 2.52
5.34 8.64 4.94 8.33 5.31 4.3 7.51 4.8 8.34 5.17 5.98 4.65 9.34 9.34 6.38 8.33 5.23 7.62 6.78 5.8 5.65 9.05 3.26 3.26 6.77 6.25 7.01 4.22 4.87 4.94 6.81 5.34 12.92 4.94 10.99 3.26 14.27 14.55 4.9 10.6 6.46 6.69 2.36 8.75 5.25 5.14 5.25 4.47 5.11 5.11 4.94 4.47 5.14 8.03 6.86 4.43 6.86 11.17 5.81 1.54 2.38 4.65 4.45 0.0 5.87 4.94 8.87 9.34 8.33 6.65 11.8 3.76 9.25 3.94 0.74 5.76 6.57 6.57 6.57 6.73 6.66 6.66 6.66 6.66 6.66 6.66 6.34 6.27 6.26 6.66
0.87 11.23 0.94 4.32 8.34 1.57 8.98 1.52 4.34 0.7 9.02 1.22 5.33 5.33 2.1 4.32 8.27 7.91 8.75 8.84 8.69 5.04 2.62 2.61 9.19 9.28 10.05 1.65 1.86 0.94 9.85 0.87 8.91 0.94 12.74 2.62 10.76 10.67 1.83 6.6 9.07 2.41 3.51 11.43 0.79 1.13 0.79 1.4 1.1 1.1 0.94 1.4 8.18 4.12 2.85 1.44 2.85 7.16 0.06 4.58 5.42 1.22 1.73 5.87 0.0 0.94 6.25 5.33 4.32 2.37 13.72 3.11 11.05 6.98 5.86 8.8 2.56 2.56 2.56 1.75 2.66 2.66 2.66 2.66 2.66 2.66 2.33 3.65 2.25 2.66
0.41 10.29 0.0 3.38 7.42 0.65 8.05 0.6 3.4 0.24 8.09 0.29 4.39 4.39 2.18 3.38 7.34 6.97 7.82 7.91 7.77 4.1 1.69 1.69 8.26 8.34 9.12 0.73 0.94 0.0 8.93 0.41 7.97 0.0 11.8 1.69 9.83 9.73 0.9 5.66 8.13 2.49 2.58 10.49 0.32 0.19 0.32 0.47 0.17 0.17 0.0 0.47 7.25 3.18 1.91 0.52 1.91 6.22 0.88 3.66 4.49 0.29 0.8 4.94 0.94 0.0 5.32 4.39 3.38 2.45 12.78 2.19 10.12 6.05 4.93 7.87 1.62 1.62 1.62 2.54 1.72 1.72 1.72 1.72 1.72 1.72 1.39 2.73 1.32 1.72
5.72 5.87 5.32 6.95 5.08 4.7 3.62 5.2 6.38 5.54 4.05 5.03 5.38 5.38 6.78 6.95 4.8 2.8 3.25 4.27 4.61 6.23 5.61 5.61 3.83 3.78 4.9 4.65 5.53 5.32 4.64 5.72 8.59 5.32 8.21 5.61 9.45 9.74 5.5 8.95 3.57 7.09 6.5 6.07 5.63 5.51 5.63 4.85 5.49 5.49 5.32 4.85 4.89 8.22 7.24 4.82 7.24 7.39 6.19 7.58 7.65 5.03 4.85 8.87 6.25 5.32 0.0 5.38 6.95 7.05 9.03 6.11 5.69 6.36 8.85 4.34 6.94 6.94 6.94 7.13 7.04 7.04 7.04 7.04 7.04 7.04 6.72 2.59 6.64 7.04
4.8 5.89 4.39 1.57 5.24 5.04 3.65 4.99 1.0 4.63 4.22 4.69 0.0 0.0 6.57 1.57 4.97 2.58 3.42 4.44 4.77 0.85 6.09 6.08 3.86 3.95 5.07 5.12 5.33 4.39 4.8 4.8 5.51 4.39 7.85 6.09 7.21 7.27 5.3 3.57 3.74 6.89 6.98 6.09 4.71 4.2 4.71 4.87 4.56 4.56 4.39 4.87 5.06 6.29 2.48 4.91 2.48 3.77 5.28 8.05 7.82 4.69 5.2 9.34 5.33 4.39 5.38 0.0 1.57 6.85 8.83 6.58 5.72 6.52 9.33 4.51 2.77 2.77 2.77 6.93 4.17 4.17 4.17 4.17 4.17 4.17 3.85 7.12 3.77 4.17
3.79 7.46 3.38 0.0 6.82 4.03 5.22 3.98 1.88 3.62 5.79 3.68 1.57 1.57 5.56 0.0 6.54 4.15 4.99 6.01 6.34 0.72 5.08 5.07 5.43 5.52 6.64 4.11 4.32 3.38 6.37 3.79 6.45 3.38 9.43 5.08 8.3 8.21 4.28 4.51 5.31 5.88 5.97 7.66 3.7 3.19 3.7 3.86 3.55 3.55 3.38 3.86 6.63 6.57 1.63 3.9 1.63 4.7 4.27 7.04 7.88 3.68 4.19 8.33 4.32 3.38 6.95 1.57 0.0 5.84 10.41 5.57 7.29 8.09 8.32 6.08 1.76 1.76 1.76 5.92 3.16 3.16 3.16 3.16 3.16 3.16 2.83 6.11 2.76 3.16
2.85 12.46 2.45 5.84 9.13 2.36 10.5 1.86 5.85 2.68 9.8 2.16 6.85 6.85 2.23 5.84 9.05 9.42 10.27 9.62 9.48 6.56 3.4 3.4 10.59 10.07 10.83 2.44 2.16 2.45 10.63 2.85 10.43 2.45 14.25 3.4 12.28 12.18 2.12 8.11 10.28 2.54 4.29 12.57 2.76 2.65 2.76 2.27 2.62 2.62 2.45 2.27 8.96 5.63 4.37 2.31 4.37 8.68 2.32 5.37 6.2 2.16 2.2 6.65 2.37 2.45 7.05 6.85 5.84 0.0 15.23 3.67 12.57 7.76 6.64 9.58 4.08 4.08 4.08 2.59 4.17 4.17 4.17 4.17 4.17 4.17 3.85 4.46 3.77 4.17
13.19 3.16 12.78 10.41 6.85 13.27 5.43 13.38 9.38 13.02 5.82 13.07 8.83 8.83 14.96 10.41 6.57 6.48 6.1 6.04 6.38 9.69 12.23 12.23 5.28 5.57 6.67 13.19 13.72 12.78 6.41 13.19 5.87 12.78 1.12 12.23 3.85 4.14 13.68 9.04 5.78 15.27 11.33 3.83 13.1 12.59 13.1 13.25 12.94 12.94 12.78 13.25 6.67 13.17 10.87 13.3 10.87 6.92 13.66 10.26 9.42 13.07 13.42 11.8 13.72 12.78 9.03 8.83 10.41 15.23 0.0 12.73 3.99 8.13 12.46 6.11 11.16 11.16 11.16 15.32 12.56 12.56 12.56 12.56 12.56 12.56 12.23 11.62 12.15 12.56
2.58 9.56 2.19 5.57 6.23 1.54 8.43 1.86 5.59 2.41 6.9 1.9 6.58 6.58 3.06 5.57 6.15 8.55 7.7 6.72 6.58 6.29 0.5 0.5 7.69 7.17 7.94 1.46 1.55 2.19 7.74 2.58 10.16 2.19 11.91 0.5 12.01 11.92 1.58 7.85 7.39 3.37 1.39 9.68 2.5 2.38 2.5 1.71 2.35 2.35 2.19 1.71 6.06 5.27 4.1 1.67 4.1 8.41 3.06 2.47 3.3 1.9 1.7 3.76 3.11 2.19 6.11 6.58 5.57 3.67 12.73 0.0 10.17 4.86 3.74 6.68 3.81 3.81 3.81 3.41 3.91 3.91 3.91 3.91 3.91 3.91 3.58 3.52 3.5 3.91
10.52 1.38 10.12 7.29 4.29 10.39 2.07 10.71 6.72 10.35 3.27 10.41 5.72 5.72 12.3 7.29 4.02 3.15 3.54 3.49 3.82 6.57 9.68 9.67 2.48 3.01 4.11 10.34 11.05 10.12 3.85 10.52 8.21 10.12 3.17 9.68 7.1 7.38 11.02 9.29 3.23 12.61 8.78 2.05 10.43 9.92 10.43 10.54 10.28 10.28 10.12 10.54 4.11 10.06 8.2 10.51 8.2 7.01 11.0 7.7 6.87 10.41 10.55 9.25 11.05 10.12 5.69 5.72 7.29 12.57 3.99 10.17 0.0 5.57 9.91 3.56 8.49 8.49 8.49 12.65 9.89 9.89 9.89 9.89 9.89 9.89 9.57 8.29 9.49 9.89
6.44 4.96 6.05 8.09 1.63 5.4 3.83 5.9 7.52 6.27 2.3 5.76 6.52 6.52 7.48 8.09 1.55 3.95 3.1 2.12 1.98 7.38 4.37 4.36 3.09 2.57 3.34 5.32 5.98 6.05 3.14 6.44 9.73 6.05 7.31 4.37 10.59 10.88 6.01 10.09 2.79 7.8 3.47 5.08 6.36 6.24 6.36 5.58 6.22 6.22 6.05 5.58 1.46 9.13 7.97 5.53 7.97 8.53 6.92 2.39 1.56 5.76 5.56 3.94 6.98 6.05 6.36 6.52 8.09 7.76 8.13 4.86 5.57 0.0 4.6 2.08 7.67 7.67 7.67 7.84 7.77 7.77 7.77 7.77 7.77 7.77 7.44 7.38 7.37 7.77
5.33 9.3 4.93 8.32 5.96 4.28 8.17 4.79 8.33 5.15 6.64 4.64 9.33 9.33 5.86 8.32 5.89 8.28 7.44 6.46 6.31 9.03 3.25 3.24 7.43 6.91 7.67 4.2 4.86 4.93 7.47 5.33 12.9 4.93 11.64 3.25 14.76 14.66 4.89 10.59 7.12 6.17 3.02 9.41 5.24 5.12 5.24 4.46 5.1 5.1 4.93 4.46 5.8 8.02 6.85 4.42 6.85 11.16 5.8 2.2 3.04 4.64 4.44 0.74 5.86 4.93 8.85 9.33 8.32 6.64 12.46 3.74 9.91 4.6 0.0 6.42 6.55 6.55 6.55 6.22 6.65 6.65 6.65 6.65 6.65 6.65 6.33 6.26 6.25 6.65
8.27 2.95 7.87 6.08 0.81 7.23 1.82 7.73 5.51 8.1 0.29 7.58 4.51 4.51 9.31 6.08 0.53 1.93 1.09 0.33 0.33 5.36 6.19 6.18 1.08 0.56 1.33 7.15 7.8 7.87 1.13 8.27 7.72 7.87 5.3 6.19 8.58 8.86 7.83 8.08 0.77 9.62 5.29 3.06 8.18 8.07 8.18 7.4 8.04 8.04 7.87 7.4 0.62 8.85 6.99 7.36 6.99 6.52 8.74 4.22 3.38 7.58 7.38 5.76 8.8 7.87 4.34 4.51 6.08 9.58 6.11 6.68 3.56 2.08 6.42 0.0 7.28 7.28 7.28 9.66 8.68 8.68 8.68 8.68 8.68 8.68 8.35 6.93 8.28 8.68
2.03 8.67 1.62 1.76 8.02 2.27 6.42 2.22 1.78 1.86 6.99 1.91 2.77 2.77 3.8 1.76 7.74 5.35 6.19 7.21 7.55 2.48 3.31 3.31 6.64 6.72 7.84 2.35 2.56 1.62 7.58 2.03 6.35 1.62 10.18 3.31 8.2 8.11 2.52 4.04 6.51 4.11 4.21 8.87 1.94 1.43 1.94 2.1 1.79 1.79 1.62 2.1 7.83 4.81 0.29 2.14 0.29 4.6 2.5 5.28 6.11 1.91 2.43 6.57 2.56 1.62 6.94 2.77 1.76 4.08 11.16 3.81 8.49 7.67 6.55 7.28 0.0 0.0 0.0 4.16 1.4 1.4 1.4 1.4 1.4 1.4 1.07 4.35 0.99 1.4
2.03 8.67 1.62 1.76 8.02 2.27 6.42 2.22 1.78 1.86 6.99 1.91 2.77 2.77 3.8 1.76 7.74 5.35 6.19 7.21 7.55 2.48 3.31 3.31 6.64 6.72 7.84 2.35 2.56 1.62 7.58 2.03 6.35 1.62 10.18 3.31 8.2 8.11 2.52 4.04 6.51 4.11 4.21 8.87 1.94 1.43 1.94 2.1 1.79 1.79 1.62 2.1 7.83 4.81 0.29 2.14 0.29 4.6 2.5 5.28 6.11 1.91 2.43 6.57 2.56 1.62 6.94 2.77 1.76 4.08 11.16 3.81 8.49 7.67 6.55 7.28 0.0 0.0 0.0 4.16 1.4 1.4 1.4 1.4 1.4 1.4 1.07 4.35 0.99 1.4
2.03 8.67 1.62 1.76 8.02 2.27 6.42 2.22 1.78 1.86 6.99 1.91 2.77 2.77 3.8 1.76 7.74 5.35 6.19 7.21 7.55 2.48 3.31 3.31 6.64 6.72 7.84 2.35 2.56 1.62 7.58 2.03 6.35 1.62 10.18 3.31 8.2 8.11 2.52 4.04 6.51 4.11 4.21 8.87 1.94 1.43 1.94 2.1 1.79 1.79 1.62 2.1 7.83 4.81 0.29 2.14 0.29 4.6 2.5 5.28 6.11 1.91 2.43 6.57 2.56 1.62 6.94 2.77 1.76 4.08 11.16 3.81 8.49 7.67 6.55 7.28 0.0 0.0 0.0 4.16 1.4 1.4 1.4 1.4 1.4 1.4 1.07 4.35 0.99 1.4
2.51 12.54 2.54 5.92 9.21 2.44 10.58 1.94 5.93 2.34 9.88 2.24 6.93 6.93 0.36 5.92 9.13 9.51 10.35 9.7 9.56 6.64 3.48 3.48 10.67 10.15 10.91 2.52 1.9 2.54 10.72 2.51 10.51 2.54 14.34 3.48 12.36 12.26 1.86 8.19 10.37 0.67 4.37 12.66 2.42 2.73 2.42 2.35 2.7 2.7 2.54 2.35 9.04 5.71 4.45 2.39 4.45 8.76 1.69 5.45 6.28 2.24 2.28 6.73 1.75 2.54 7.13 6.93 5.92 2.59 15.32 3.41 12.65 7.84 6.22 9.66 4.16 4.16 4.16 0.0 4.25 4.25 4.25 4.25 4.25 4.25 3.93 4.54 3.85 4.25
2.12 10.06 1.72 3.16 9.14 2.37 7.82 2.32 3.17 1.95 8.39 2.01 4.17 4.17 3.9 3.16 9.06 6.75 7.59 8.61 8.94 3.88 3.41 3.41 8.03 8.12 9.24 2.44 2.65 1.72 8.97 2.12 7.75 1.72 11.58 3.41 9.6 9.5 2.62 5.43 7.91 4.21 4.3 10.26 2.04 1.53 2.04 2.19 1.88 1.88 1.72 2.19 8.97 4.9 1.69 2.23 1.69 6.0 2.6 5.37 6.21 2.01 2.52 6.66 2.66 1.72 7.04 4.17 3.16 4.17 12.56 3.91 9.89 7.77 6.65 8.68 1.4 1.4 1.4 4.25 0.0 0.0 0.0 0.0 0.0 0.0 0.48 4.45 0.4 0.0
2.12 10.06 1.72 3.16 9.14 2.37 7.82 2.32 3.17 1.95 8.39 2.01 4.17 4.17 3.9 3.16 9.06 6.75 7.59 8.61 8.94 3.88 3.41 3.41 8.03 8.12 9.24 2.44 2.65 1.72 8.97 2.12 7.75 1.72 11.58 3.41 9.6 9.5 2.62 5.43 7.91 4.21 4.3 10.26 2.04 1.53 2.04 2.19 1.88 1.88 1.72 2.19 8.97 4.9 1.69 2.23 1.69 6.0 2.6 5.37 6.21 2.01 2.52 6.66 2.66 1.72 7.04 4.17 3.16 4.17 12.56 3.91 9.89 7.77 6.65 8.68 1.4 1.4 1.4 4.25 0.0 0.0 0.0 0.0 0.0 0.0 0.48 4.45 0.4 0.0
2.12 10.06 1.72 3.16 9.14 2.37 7.82 2.32 3.17 1.95 8.39 2.01 4.17 4.17 3.9 3.16 9.06 6.75 7.59 8.61 8.94 3.88 3.41 3.41 8.03 8.12 9.24 2.44 2.65 1.72 8.97 2.12 7.75 1.72 11.58 3.41 9.6 9.5 2.62 5.43 7.91 4.21 4.3 10.26 2.04 1.53 2.04 2.19 1.88 1.88 1.72 2.19 8.97 4.9 1.69 2.23 1.69 6.0 2.6 5.37 6.21 2.01 2.52 6.66 2.66 1.72 7.04 4.17 3.16 4.17 12.56 3.91 9.89 7.77 6.65 8.68 1.4 1.4 1.4 4.25 0.0 0.0 0.0 0.0 0.0 0.0 0.48 4.45 0.4 0.0
2.12 10.06 1.72 3.16 9.14 2.37 7.82 2.32 3.17 1.95 8.39 2.01 4.17 4.17 3.9 3.16 9.06 6.75 7.59 8.61 8.94 3.88 3.41 3.41 8.03 8.12 9.24 2.44 2.65 1.72 8.97 2.12 7.75 1.72 11.58 3.41 9.6 9.5 2.62 5.43 7.91 4.21 4.3 10.26 2.04 1.53 2.04 2.19 1.88 1.88 1.72 2.19 8.97 4.9 1.69 2.23 1.69 6.0 2.6 5.37 6.21 2.01 2.52 6.66 2.66 1.72 7.04 4.17 3.16 4.17 12.56 3.91 9.89 7.77 6.65 8.68 1.4 1.4 1.4 4.25 0.0 0.0 0.0 0.0 0.0 0.0 0.48 4.45 0.4 0.0
2.12 10.06 1.72 3.16 9.14 2.37 7.82 2.32 3.17 1.95 8.39 2.01 4.17 4.17 3.9 3.16 9.06 6.75 7.59 8.61 8.94 3.88 3.41 3.41 8.03 8.12 9.24 2.44 2.65 1.72 8.97 2.12 7.75 1.72 11.58 3.41 9.6 9.5 2.62 5.43 7.91 4.21 4.3 10.26 2.04 1.53 2.04 2.19 1.88 1.88 1.72 2.19 8.97 4.9 1.69 2.23 1.69 6.0 2.6 5.37 6.21 2.01 2.52 6.66 2.66 1.72 7.04 4.17 3.16 4.17 12.56 3.91 9.89 7.77 6.65 8.68 1.4 1.4 1.4 4.25 0.0 0.0 0.0 0.0 0.0 0.0 0.48 4.45 0.4 0.0
2.12 10.06 1.72 3.16 9.14 2.37 7.82 2.32 3.17 1.95 8.39 2.01 4.17 4.17 3.9 3.16 9.06 6.75 7.59 8.61 8.94 3.88 3.41 3.41 8.03 8.12 9.24 2.44 2.65 1.72 8.97 2.12 7.75 1.72 11.58 3.41 9.6 9.5 2.62 5.43 7.91 4.21 4.3 10.26 2.04 1.53 2.04 2.19 1.88 1.88 1.72 2.19 8.97 4.9 1.69 2.23 1.69 6.0 2.6 5.37 6.21 2.01 2.52 6.66 2.66 1.72 7.04 4.17 3.16 4.17 12.56 3.91 9.89 7.77 6.65 8.68 1.4 1.4 1.4 4.25 0.0 0.0 0.0 0.0 0.0 0.0 0.48 4.45 0.4 0.0
1.8 9.74 1.39 2.83 8.81 2.04 7.5 1.99 2.85 1.63 8.07 1.69 3.85 3.85 3.57 2.83 8.74 6.42 7.27 8.28 8.62 3.55 3.09 3.08 7.71 7.79 8.91 2.12 2.33 1.39 8.65 1.8 7.42 1.39 11.25 3.09 9.28 9.18 2.29 5.11 7.58 3.89 3.98 9.94 1.71 1.2 1.71 1.87 1.56 1.56 1.39 1.87 8.64 4.58 1.37 1.91 1.37 5.68 2.28 5.05 5.89 1.69 2.2 6.34 2.33 1.39 6.72 3.85 2.83 3.85 12.23 3.58 9.57 7.44 6.33 8.35 1.07 1.07 1.07 3.93 0.48 0.48 0.48 0.48 0.48 0.48 0.0 4.12 0.08 0.48
3.12 8.46 2.73 6.11 7.67 2.1 6.22 2.6 6.13 2.95 6.65 2.44 7.12 7.12 4.18 6.11 7.39 5.4 5.85 6.87 7.2 6.83 3.02 3.02 6.43 6.38 7.49 2.06 2.94 2.73 7.23 3.12 10.7 2.73 10.81 3.02 12.04 12.33 2.91 8.39 6.16 4.5 3.91 8.66 3.04 2.92 3.04 2.25 2.89 2.89 2.73 2.25 7.49 5.81 4.64 2.23 4.64 8.95 3.6 4.98 5.82 2.44 2.26 6.27 3.65 2.73 2.59 7.12 6.11 4.46 11.62 3.52 8.29 7.38 6.26 6.93 4.35 4.35 4.35 4.54 4.45 4.45 4.45 4.45 4.45 4.45 4.12 0.0 4.04 4.45
1.72 9.66 1.32 2.76 8.73 1.96 7.42 1.91 2.77 1.55 7.99 1.61 3.77 3.77 3.49 2.76 8.66 6.34 7.19 8.21 8.54 3.47 3.01 3.0 7.63 7.72 8.83 2.04 2.25 1.32 8.57 1.72 7.34 1.32 11.17 3.01 9.2 9.1 2.22 5.03 7.5 3.81 3.9 9.86 1.63 1.12 1.63 1.79 1.48 1.48 1.32 1.79 8.57 4.5 1.29 1.83 1.29 5.6 2.2 4.97 5.81 1.61 2.12 6.26 2.25 1.32 6.64 3.77 2.76 3.77 12.15 3.5 9.49 7.37 6.25 8.28 0.99 0.99 0.99 3.85 0.4 0.4 0.4 0.4 0.4 0.4 0.08 4.04 0.0 0.4
