0.0 5.06 1.66 21.48 14.5 6.98 14.74 3.22 7.98 21.36 17.22 7.27 19.68 14.25 27.13 15.19 8.73 23.58 5.95 19.93
5.06 0.0 4.26 19.98 16.25 5.61 13.1 3.07 5.91 19.43 15.96 9.02 18.43 12.6 25.63 16.94 10.48 22.33 5.71 18.43
1.66 4.26 0.0 22.86 15.88 5.42 13.18 1.66 9.37 22.75 18.6 8.66 21.07 12.69 28.51 16.58 10.12 24.97 7.33 21.31
21.48 19.98 22.86 0.0 17.7 25.1 17.13 22.7 14.62 2.77 15.18 20.01 16.7 15.26 5.85 18.39 13.15 9.45 16.62 4.24
14.5 16.25 15.88 17.7 0.0 21.05 28.55 17.43 11.77 17.58 6.02 8.94 6.86 25.13 22.49 1.23 7.29 14.49 11.58 16.15
6.98 5.61 5.42 25.1 21.05 0.0 13.42 4.88 11.17 23.92 21.22 12.89 23.69 13.5 30.01 21.75 15.42 27.55 10.97 23.55
14.74 13.1 13.18 17.13 28.55 13.42 0.0 12.37 18.18 14.73 27.21 20.67 29.46 4.87 19.56 29.24 22.78 23.65 17.98 18.23
3.22 3.07 1.66 22.7 17.43 4.88 12.37 0.0 8.63 22.15 18.68 9.72 21.15 11.88 28.35 18.13 11.66 25.05 8.43 21.15
7.98 5.91 9.37 14.62 11.77 11.17 18.18 8.63 0.0 14.5 10.35 6.63 12.82 17.68 20.26 12.47 7.09 16.72 3.04 13.07
21.36 19.43 22.75 2.77 17.58 23.92 14.73 22.15 14.5 0.0 15.12 19.9 16.63 12.86 7.83 18.28 13.04 9.38 16.5 4.17
17.22 15.96 18.6 15.18 6.02 21.22 27.21 18.68 10.35 15.12 0.0 13.63 3.49 23.22 18.52 5.08 8.88 10.53 12.36 12.7
7.27 9.02 8.66 20.01 8.94 12.89 20.67 9.72 6.63 19.9 13.63 0.0 14.46 20.34 25.66 9.64 7.09 20.48 4.6 18.46
19.68 18.43 21.07 16.7 6.86 23.69 29.46 21.15 12.82 16.63 3.49 14.46 0.0 25.47 19.33 5.92 11.35 11.33 14.82 14.22
14.25 12.6 12.69 15.26 25.13 13.5 4.87 11.88 17.68 12.86 23.22 20.34 25.47 0.0 17.95 25.83 20.59 21.13 17.47 14.49
27.13 25.63 28.51 5.85 22.49 30.01 19.56 28.35 20.26 7.83 18.52 25.66 19.33 17.95 0.0 22.91 18.8 9.66 22.26 9.42
15.19 16.94 16.58 18.39 1.23 21.75 29.24 18.13 12.47 18.28 5.08 9.64 5.92 25.83 22.91 0.0 7.99 14.91 12.28 16.84
8.73 10.48 10.12 13.15 7.29 15.42 22.78 11.66 7.09 13.04 8.88 7.09 11.35 20.59 18.8 7.99 0.0 15.25 5.82 11.6
23.58 22.33 24.97 9.45 14.49 27.55 23.65 25.05 16.72 9.38 10.53 20.48 11.33 21.13 9.66 14.91 15.25 0.0 18.72 7.18
5.95 5.71 7.33 16.62 11.58 10.97 17.98 8.43 3.04 16.5 12.36 4.6 14.82 17.47 22.26 12.28 5.82 18.72 0.0 15.07
19.93 18.43 21.31 4.24 16.15 23.55 18.23 21.15 13.07 4.17 12.7 18.46 14.22 14.49 9.42 16.84 11.6 7.18 15.07 0.0
