0.0 4.2 1.81 24.37 26.35 7.12 14.88 3.37 20.97 5.27 19.55 9.42 26.58 19.34 26.98 11.75 1.8 11.66
4.2 0.0 2.5 24.49 26.47 7.25 15.0 2.96 21.45 5.43 19.64 9.2 26.7 19.46 27.11 11.54 5.72 11.78
1.81 2.5 0.0 25.89 24.64 5.42 13.18 1.66 19.63 6.8 21.07 10.94 28.11 20.87 28.51 13.28 3.33 9.96
24.37 24.49 25.89 0.0 17.39 28.42 22.13 27.32 13.23 19.39 12.54 18.57 5.91 11.06 8.13 16.23 23.14 19.41
26.35 26.47 24.64 17.39 0.0 25.46 13.78 25.63 9.52 24.67 26.0 28.11 13.79 24.29 9.94 25.78 24.95 17.66
7.12 7.25 5.42 28.42 25.46 0.0 13.42 6.41 20.44 12.11 23.69 15.78 30.34 23.45 30.01 18.11 8.64 10.77
14.88 15.0 13.18 22.13 13.78 13.42 0.0 14.17 11.13 19.47 29.46 23.55 21.45 28.98 19.56 25.89 15.95 6.21
3.37 2.96 1.66 27.32 25.63 6.41 14.17 0.0 20.62 8.26 20.8 10.17 29.54 20.66 29.94 12.5 4.89 10.95
20.97 21.45 19.63 13.23 9.52 20.44 11.13 20.62 0.0 19.67 21.79 23.81 13.14 20.08 11.92 21.57 19.45 11.76
5.27 5.43 6.8 19.39 24.67 12.11 19.47 8.26 19.67 0.0 14.57 6.02 21.6 14.37 22.01 8.35 4.05 14.78
19.55 19.64 21.07 12.54 26.0 23.69 29.46 20.8 21.79 14.57 0.0 11.35 17.1 1.97 19.33 9.01 18.32 24.78
9.42 9.2 10.94 18.57 28.11 15.78 23.55 10.17 23.81 6.02 11.35 0.0 23.13 11.2 25.36 2.86 8.19 18.92
26.58 26.7 28.11 5.91 13.79 30.34 21.45 29.54 13.14 21.6 17.1 23.13 0.0 15.63 4.34 20.8 25.35 21.26
19.34 19.46 20.87 11.06 24.29 23.45 28.98 20.66 20.08 14.37 1.97 11.2 15.63 0.0 17.85 8.87 18.11 24.3
26.98 27.11 28.51 8.13 9.94 30.01 19.56 29.94 11.92 22.01 19.33 25.36 4.34 17.85 0.0 23.02 25.76 20.93
11.75 11.54 13.28 16.23 25.78 18.11 25.89 12.5 21.57 8.35 9.01 2.86 20.8 8.87 23.02 0.0 10.52 21.26
1.8 5.72 3.33 23.14 24.95 8.64 15.95 4.89 19.45 4.05 18.32 8.19 25.35 18.11 25.76 10.52 0.0 12.71
11.66 11.78 9.96 19.41 17.66 10.77 6.21 10.95 11.76 14.78 24.78 18.92 21.26 24.3 20.93 21.26 12.71 0.0
