0.0 4.82 1.98 16.99 15.81 11.16 15.14 5.85 28.17 5.07 27.78 29.61
4.82 0.0 2.93 21.41 15.89 14.98 15.06 10.26 30.6 8.89 30.21 33.41
1.98 2.93 0.0 18.69 13.92 12.86 13.25 7.55 29.87 6.77 29.48 31.31
16.99 21.41 18.69 0.0 15.99 8.5 15.47 13.41 12.48 13.91 12.48 13.54
15.81 15.89 13.92 15.99 0.0 22.56 2.86 17.36 25.11 20.16 25.52 22.18
11.16 14.98 12.86 8.5 22.56 0.0 21.91 5.97 18.03 6.43 17.64 19.47
15.14 15.06 13.25 15.47 2.86 21.91 0.0 16.71 24.95 19.51 25.33 22.44
5.85 10.26 7.55 13.41 17.36 5.97 16.71 0.0 23.64 3.58 23.25 25.06
28.17 30.6 29.87 12.48 25.11 18.03 24.95 23.64 0.0 23.44 2.15 6.17
5.07 8.89 6.77 13.91 20.16 6.43 19.51 3.58 23.44 0.0 23.05 24.88
27.78 30.21 29.48 12.48 25.52 17.64 25.33 23.25 2.15 23.05 0.0 7.35
29.61 33.41 31.31 13.54 22.18 19.47 22.44 25.06 6.17 24.88 7.35 0.0
