0.0 20.45 10.11 18.64 19.78 22.59 7.15 11.08 27.66 17.64 28.3 23.83 28.4 17.49 12.81 23.78 22.97 21.05 12.8 25.68 19.02 19.77 8.81 15.34 19.55 12.15 9.98 21.15 19.04 18.71 11.72 7.29 18.32 8.82 6.57 11.42 21.06 19.5 20.25 24.81
20.45 0.0 12.94 11.38 3.71 5.14 26.54 12.1 14.72 15.78 14.43 7.74 14.54 7.33 16.55 6.33 17.69 13.69 12.61 16.09 17.31 18.95 19.83 9.97 17.02 22.66 20.37 1.08 21.51 9.47 22.59 26.82 13.65 13.96 18.32 22.48 21.54 21.97 3.82 15.21
10.11 12.94 0.0 15.55 12.27 16.61 16.87 3.27 23.57 19.72 23.29 17.85 23.39 11.5 6.21 17.8 23.64 17.87 4.99 22.38 21.48 24.63 9.34 7.63 21.2 16.56 9.96 13.64 25.33 13.64 18.44 17.01 9.32 7.77 11.55 11.99 26.8 25.79 12.75 21.51
18.64 11.38 15.55 0.0 13.39 12.65 17.05 15.78 10.11 4.77 10.75 12.9 10.86 6.7 21.46 13.84 9.39 3.62 17.5 8.14 7.12 10.38 20.06 19.05 6.95 13.17 21.13 12.07 10.54 3.08 11.95 17.33 23.01 12.12 16.14 22.7 12.32 11.0 13.87 7.26
19.78 3.71 12.27 13.39 0.0 6.3 26.54 11.42 16.76 17.8 16.48 8.9 16.58 9.35 15.17 7.49 19.73 15.7 11.23 18.13 19.33 20.99 19.16 8.59 19.03 24.61 18.99 3.45 23.52 11.48 24.61 26.68 12.26 15.81 19.79 21.8 23.58 23.98 0.7 17.26
22.59 5.14 16.61 12.65 6.3 0.0 28.31 16.16 12.22 17.05 11.93 5.35 12.04 8.6 20.62 1.66 15.19 12.12 16.68 13.59 16.93 16.45 22.5 14.03 16.47 24.43 23.33 4.28 20.26 10.74 24.23 28.59 17.71 15.73 20.09 25.15 19.04 19.57 5.81 12.71
7.15 26.54 16.87 17.05 26.54 28.31 0.0 17.84 24.65 13.1 25.29 28.96 25.39 23.2 19.57 29.5 18.26 19.45 19.56 24.0 14.48 15.06 10.06 22.1 15.01 7.62 16.66 27.24 13.92 19.76 6.57 1.71 25.08 14.66 8.6 13.74 15.94 14.38 27.01 23.13
11.08 12.1 3.27 15.78 11.42 16.16 17.84 0.0 23.81 19.95 23.52 18.08 23.63 11.74 6.58 17.35 23.87 18.1 4.14 22.61 21.72 24.86 10.31 6.33 21.43 16.8 10.61 12.79 25.57 13.87 18.67 17.98 7.89 8.01 11.79 12.96 27.03 26.02 11.9 21.74
27.66 14.72 23.57 10.11 16.76 12.22 24.65 23.81 0.0 13.76 1.04 10.28 1.15 13.14 29.4 11.98 7.58 7.08 25.46 2.16 12.28 11.02 29.08 22.82 11.63 22.18 30.14 15.42 13.89 11.75 19.07 24.93 26.49 21.14 24.79 31.72 12.43 13.2 17.24 3.01
17.64 15.78 19.72 4.77 17.8 17.05 13.1 19.95 13.76 0.0 14.4 16.66 14.51 11.1 25.63 18.17 9.77 7.15 21.67 11.79 5.33 6.45 20.84 23.41 6.08 11.28 22.91 16.48 6.11 7.49 7.52 13.38 27.42 13.9 13.08 24.49 7.89 6.57 18.27 10.91
28.3 14.43 23.29 10.75 16.48 11.93 25.29 23.52 1.04 14.4 0.0 9.99 0.49 13.61 29.11 11.69 8.22 7.72 25.17 2.8 12.92 11.66 29.18 22.53 12.27 22.82 30.01 15.13 14.53 12.39 19.71 25.57 26.21 21.77 25.43 31.82 13.07 13.84 16.95 3.65
23.83 7.74 17.85 12.9 8.9 5.35 28.96 18.08 10.28 16.66 9.99 0.0 10.1 8.31 22.9 5.11 13.25 10.34 18.96 11.65 15.18 14.67 23.73 16.32 14.73 25.08 24.57 6.88 18.48 11.48 23.67 29.25 20.0 16.97 21.32 26.38 17.26 17.79 8.41 10.77
28.4 14.54 23.39 10.86 16.58 12.04 25.39 23.63 1.15 14.51 0.49 10.1 0.0 13.72 29.22 11.8 8.32 7.82 25.28 2.9 13.03 11.77 29.28 22.64 12.37 22.93 30.12 15.24 14.63 12.5 19.82 25.68 26.31 21.88 25.54 31.93 13.18 13.94 17.06 3.75
17.49 7.33 11.5 6.7 9.35 8.6 23.2 11.74 13.14 11.1 13.61 8.31 13.72 0.0 17.42 9.79 12.42 6.65 13.46 11.16 10.24 13.41 17.39 15.01 9.98 19.32 18.23 8.03 14.55 4.79 18.28 23.48 18.97 10.63 14.98 20.04 15.58 15.01 9.82 10.29
12.81 16.55 6.21 21.46 15.17 20.62 19.57 6.58 29.4 25.63 29.11 22.9 29.22 17.42 0.0 21.81 29.55 23.78 7.55 28.3 27.4 30.54 11.89 7.07 27.11 21.74 4.3 17.25 30.51 19.56 23.61 19.26 8.0 13.69 16.73 9.98 32.53 30.97 15.65 27.42
23.78 6.33 17.8 13.84 7.49 1.66 29.5 17.35 11.98 18.17 11.69 5.11 11.8 9.79 21.81 0.0 14.95 11.89 17.86 13.35 16.69 16.21 23.69 15.22 16.23 25.62 24.52 5.47 20.03 11.93 25.21 29.78 18.9 16.92 21.28 26.34 18.8 19.33 7.0 12.47
22.97 17.69 23.64 9.39 19.73 15.19 18.26 23.87 7.58 9.77 8.22 13.25 8.32 12.42 29.55 14.95 0.0 6.24 25.59 7.18 7.6 4.63 26.16 25.79 7.6 16.6 29.3 18.39 7.5 11.04 12.68 18.54 29.46 20.29 18.4 29.84 6.04 6.8 20.21 7.11
21.05 13.69 17.87 3.62 15.7 12.12 19.45 18.1 7.08 7.15 7.72 10.34 7.82 6.65 23.78 11.89 6.24 0.0 19.82 5.1 5.67 7.22 22.46 21.37 5.02 15.57 23.53 14.38 9.98 5.27 14.27 19.73 25.32 14.52 18.54 25.11 9.81 10.19 16.18 4.23
12.8 12.61 4.99 17.5 11.23 16.68 19.56 4.14 25.46 21.67 25.17 18.96 25.28 13.46 7.55 17.86 25.59 19.82 0.0 24.33 23.44 26.58 12.04 3.38 23.15 18.52 11.37 13.31 27.29 15.59 20.39 19.7 7.3 9.73 13.51 14.68 28.75 27.74 11.71 23.46
25.68 16.09 22.38 8.14 18.13 13.59 24.0 22.61 2.16 11.79 2.8 11.65 2.9 11.16 28.3 13.35 7.18 5.1 24.33 0.0 10.31 9.43 27.1 24.18 9.65 20.21 28.17 16.79 13.24 9.78 18.43 24.29 27.86 19.16 23.18 29.75 12.02 12.55 18.61 1.03
19.02 17.31 21.48 7.12 19.33 16.93 14.48 21.72 12.28 5.33 12.92 15.18 13.03 10.24 27.4 16.69 7.6 5.67 23.44 10.31 0.0 4.15 22.21 24.99 3.79 12.66 25.26 18.01 4.61 8.76 8.9 14.76 28.95 16.25 14.45 25.9 5.73 5.07 19.8 9.43
19.77 18.95 24.63 10.38 20.99 16.45 15.06 24.86 11.02 6.45 11.66 14.67 11.77 13.41 30.54 16.21 4.63 7.22 26.58 9.43 4.15 0.0 22.96 27.05 4.15 13.41 27.59 19.65 4.3 12.02 9.48 15.34 30.72 20.01 15.2 26.65 3.07 3.61 21.47 8.56
8.81 19.83 9.34 20.06 19.16 22.5 10.06 10.31 29.08 20.84 29.18 23.73 29.28 17.39 11.89 23.69 26.16 22.46 12.04 27.1 22.21 22.96 0.0 14.67 22.74 15.34 8.94 20.53 22.24 19.53 14.91 9.73 17.81 9.9 11.85 5.43 24.25 22.69 19.64 26.23
15.34 9.97 7.63 19.05 8.59 14.03 22.1 6.33 22.82 23.41 22.53 16.32 22.64 15.01 7.07 15.22 25.79 21.37 3.38 24.18 24.99 27.05 14.67 0.0 24.7 20.36 10.89 10.67 29.13 17.14 22.24 22.24 6.82 11.57 15.35 16.57 29.63 29.59 9.06 23.31
19.55 17.02 21.2 6.95 19.03 16.47 15.01 21.43 11.63 6.08 12.27 14.73 12.37 9.98 27.11 16.23 7.6 5.02 23.15 9.65 3.79 4.15 22.74 24.7 0.0 13.19 26.86 17.71 5.14 8.6 9.43 15.29 28.65 17.85 14.98 26.43 5.73 5.3 19.51 8.78
12.15 22.66 16.56 13.17 24.61 24.43 7.62 16.8 22.18 11.28 22.82 25.08 22.93 19.32 21.74 25.62 16.6 15.57 18.52 20.21 12.66 13.41 15.34 20.36 13.19 0.0 18.09 23.35 12.68 15.88 5.62 7.9 24.4 11.01 7.58 19.03 14.7 13.13 25.09 19.33
9.98 20.37 9.96 21.13 18.99 23.33 16.66 10.61 30.14 22.91 30.01 24.57 30.12 18.23 4.3 24.52 29.3 23.53 11.37 28.17 25.26 27.59 8.94 10.89 26.86 18.09 0.0 21.07 26.86 20.36 19.96 16.34 11.82 10.97 13.08 5.85 28.88 27.32 19.46 27.29
21.15 1.08 13.64 12.07 3.45 4.28 27.24 12.79 15.42 16.48 15.13 6.88 15.24 8.03 17.25 5.47 18.39 14.38 13.31 16.79 18.01 19.65 20.53 10.67 17.71 23.35 21.07 0.0 22.21 10.17 23.29 27.52 14.34 14.66 19.02 23.18 22.24 22.66 2.96 15.91
19.04 21.51 25.33 10.54 23.52 20.26 13.92 25.57 13.89 6.11 14.53 18.48 14.63 14.55 30.51 20.03 7.5 9.98 27.29 13.24 4.61 4.3 22.24 29.13 5.14 12.68 26.86 22.21 0.0 13.09 8.35 14.2 33.14 19.63 14.48 25.92 4.0 0.85 24.0 12.37
18.71 9.47 13.64 3.08 11.48 10.74 19.76 13.87 11.75 7.49 12.39 11.48 12.5 4.79 19.56 11.93 11.04 5.27 15.59 9.78 8.76 12.02 19.53 17.14 8.6 15.88 20.36 10.17 13.09 0.0 14.67 20.04 21.1 11.85 16.21 22.18 14.2 13.55 11.96 8.91
11.72 22.59 18.44 11.95 24.61 24.23 6.57 18.67 19.07 7.52 19.71 23.67 19.82 18.28 23.61 25.21 12.68 14.27 20.39 18.43 8.9 9.48 14.91 22.24 9.43 5.62 19.96 23.29 8.35 14.67 0.0 6.85 26.28 12.89 7.15 18.59 10.36 8.8 25.08 17.55
7.29 26.82 17.01 17.33 26.68 28.59 1.71 17.98 24.93 13.38 25.57 29.25 25.68 23.48 19.26 29.78 18.54 19.73 19.7 24.29 14.76 15.34 9.73 22.24 15.29 7.9 16.34 27.52 14.2 20.04 6.85 0.0 25.18 14.94 8.88 13.42 16.22 14.66 27.15 23.41
18.32 13.65 9.32 23.01 12.26 17.71 25.08 7.89 26.49 27.42 26.21 20.0 26.31 18.97 8.0 18.9 29.46 25.32 7.3 27.86 28.95 30.72 17.81 6.82 28.65 24.4 11.82 14.34 33.14 21.1 26.28 25.18 0.0 15.62 19.39 17.5 33.31 33.6 12.74 26.99
8.82 13.96 7.77 12.12 15.81 15.73 14.66 8.01 21.14 13.9 21.77 16.97 21.88 10.63 13.69 16.92 20.29 14.52 9.73 19.16 16.25 20.01 9.9 11.57 17.85 11.01 10.97 14.66 19.63 11.85 12.89 14.94 15.62 0.0 6.32 12.55 21.45 20.08 16.28 18.29
6.57 18.32 11.55 16.14 19.79 20.09 8.6 11.79 24.79 13.08 25.43 21.32 25.54 14.98 16.73 21.28 18.4 18.54 13.51 23.18 14.45 15.2 11.85 15.35 14.98 7.58 13.08 19.02 14.48 16.21 7.15 8.88 19.39 6.32 0.0 14.49 16.49 14.93 20.27 22.31
11.42 22.48 11.99 22.7 21.8 25.15 13.74 12.96 31.72 24.49 31.82 26.38 31.93 20.04 9.98 26.34 29.84 25.11 14.68 29.75 25.9 26.65 5.43 16.57 26.43 19.03 5.85 23.18 25.92 22.18 18.59 13.42 17.5 12.55 14.49 0.0 27.94 26.38 22.28 28.87
21.06 21.54 26.8 12.32 23.58 19.04 15.94 27.03 12.43 7.89 13.07 17.26 13.18 15.58 32.53 18.8 6.04 9.81 28.75 12.02 5.73 3.07 24.25 29.63 5.73 14.7 28.88 22.24 4.0 14.2 10.36 16.22 33.31 21.45 16.49 27.94 0.0 3.3 24.06 11.14
19.5 21.97 25.79 11.0 23.98 19.57 14.38 26.02 13.2 6.57 13.84 17.79 13.94 15.01 30.97 19.33 6.8 10.19 27.74 12.55 5.07 3.61 22.69 29.59 5.3 13.13 27.32 22.66 0.85 13.55 8.8 14.66 33.6 20.08 14.93 26.38 3.3 0.0 24.46 11.68
20.25 3.82 12.75 13.87 0.7 5.81 27.01 11.9 17.24 18.27 16.95 8.41 17.06 9.82 15.65 7.0 20.21 16.18 11.71 18.61 19.8 21.47 19.64 9.06 19.51 25.09 19.46 2.96 24.0 11.96 25.08 27.15 12.74 16.28 20.27 22.28 24.06 24.46 0.0 17.73
24.81 15.21 21.51 7.26 17.26 12.71 23.13 21.74 3.01 10.91 3.65 10.77 3.75 10.29 27.42 12.47 7.11 4.23 23.46 1.03 9.43 8.56 26.23 23.31 8.78 19.33 27.29 15.91 12.37 8.91 17.55 23.41 26.99 18.29 22.31 28.87 11.14 11.68 17.73 0.0
