0.0 8.89 15.28 22.09 19.95 8.09 13.99 15.99 10.42 7.62 10.21 17.32 4.89 16.87 18.89 15.26 16.61 7.65 14.6 15.8 14.68 19.14 8.06 21.56 15.86 17.79 21.56 18.23 21.65 13.7 26.16 10.0 16.55 21.7 19.42 14.34 8.15 21.12 9.1 27.72 15.06 14.67 7.14 14.87 17.41 18.21 15.17 23.73 22.37 27.74
8.89 0.0 18.49 25.23 12.13 2.81 9.4 21.15 15.58 2.32 15.37 22.48 5.09 12.28 24.05 10.34 11.68 4.6 17.06 7.26 6.62 14.55 2.99 17.71 9.96 11.89 24.03 14.45 15.76 7.81 28.62 15.17 21.72 16.9 21.89 8.45 2.76 16.32 14.27 27.35 20.22 10.08 6.79 6.33 11.33 13.62 10.24 26.19 16.48 27.36
15.28 18.49 0.0 9.41 26.18 17.23 17.26 9.32 10.45 16.76 10.28 6.22 18.21 20.14 6.21 18.54 19.89 17.93 2.54 22.38 20.93 22.41 17.2 24.45 21.82 23.75 9.14 21.27 25.4 18.4 13.73 10.07 4.03 24.59 11.47 17.87 17.29 24.01 9.5 16.86 5.32 17.94 12.12 21.2 23.64 21.48 18.45 15.0 26.95 16.88
22.09 25.23 9.41 0.0 30.63 23.97 22.53 11.21 14.12 23.5 13.96 5.52 24.95 23.67 5.11 23.95 25.3 24.67 8.39 27.92 26.46 25.58 23.94 25.73 27.23 28.05 1.42 24.21 26.68 23.81 11.41 13.75 5.95 25.87 12.75 23.28 24.03 25.28 13.43 15.62 7.53 23.21 18.86 26.73 29.05 25.01 23.86 14.05 28.29 15.64
19.95 12.13 26.18 30.63 0.0 12.23 9.76 32.01 26.43 13.33 26.23 32.11 16.15 8.95 32.09 10.37 9.05 15.66 24.75 6.24 8.1 6.69 12.41 8.72 7.47 5.44 29.43 12.1 6.77 8.14 21.44 26.02 29.91 7.91 18.58 8.77 12.18 7.33 25.12 18.35 30.02 10.44 16.28 7.81 3.15 7.7 10.53 18.03 7.48 18.37
8.09 2.81 17.23 23.97 12.23 0.0 7.77 20.15 14.58 1.89 14.37 21.48 4.3 10.65 23.05 8.7 10.05 3.81 15.8 8.42 6.96 12.92 0.55 16.08 8.33 10.26 22.77 12.82 14.13 6.17 27.36 14.17 20.72 15.27 20.63 6.81 0.44 14.69 13.27 25.71 19.22 8.45 5.53 7.23 9.69 11.99 8.61 24.93 14.84 25.73
13.99 9.4 17.26 22.53 9.76 7.77 0.0 24.73 19.16 9.28 18.95 23.19 11.33 3.11 23.18 2.12 3.47 11.05 15.84 6.09 4.63 5.39 7.95 8.85 5.4 7.33 21.33 5.29 8.85 1.98 21.38 18.75 21.0 8.04 17.72 1.45 7.72 7.45 17.85 18.48 21.11 0.88 8.2 4.9 7.22 4.45 2.03 17.97 10.05 18.49
15.99 21.15 9.32 11.21 32.01 20.15 24.73 0.0 6.06 19.68 6.23 6.44 19.93 27.61 8.0 25.99 27.34 20.08 11.13 27.86 26.74 29.88 20.12 32.26 27.92 29.85 11.49 28.97 33.22 25.76 21.3 6.45 5.67 32.4 19.32 25.32 20.21 31.82 7.32 25.08 4.18 25.4 18.21 26.93 29.47 28.95 25.9 23.46 34.41 25.1
10.42 15.58 10.45 14.12 26.43 14.58 19.16 6.06 0.0 14.11 0.66 9.35 14.36 22.04 10.92 20.42 21.77 14.51 10.6 22.29 21.17 24.31 14.55 26.69 22.35 24.28 14.41 23.4 27.65 20.19 21.79 0.88 8.59 26.83 18.09 19.75 14.64 26.25 1.75 24.92 7.09 19.83 12.64 21.36 23.9 23.38 20.33 22.4 28.84 24.94
7.62 2.32 16.76 23.5 13.33 1.89 9.28 19.68 14.11 0.0 13.91 21.02 3.83 12.16 22.58 10.22 11.56 3.34 15.33 8.46 7.83 14.43 1.86 17.59 9.84 11.77 22.3 14.33 15.64 7.69 26.9 13.7 20.25 16.78 20.16 8.32 1.95 16.2 12.8 27.22 18.76 9.96 5.06 7.53 11.2 13.5 10.12 24.47 16.36 27.24
10.21 15.37 10.28 13.96 26.23 14.37 18.95 6.23 0.66 13.91 0.0 9.19 14.15 21.83 10.75 20.22 21.56 14.31 10.43 22.09 20.96 24.1 14.35 26.48 22.14 24.07 14.24 23.19 27.44 19.99 21.62 0.67 8.42 26.63 17.93 19.55 14.44 26.04 1.55 24.75 6.93 19.63 12.43 21.16 23.69 23.17 20.12 22.23 28.63 24.77
17.32 22.48 6.22 5.52 32.11 21.48 23.19 6.44 9.35 21.02 9.19 0.0 21.26 26.07 2.32 24.47 25.82 21.42 8.47 28.31 26.86 28.34 21.46 29.64 27.75 29.68 5.8 27.2 30.6 24.33 15.76 8.98 2.66 29.78 16.66 23.8 21.55 29.2 8.66 19.58 2.76 23.87 18.05 27.13 29.57 27.41 24.38 17.97 32.21 19.6
4.89 5.09 18.21 24.95 16.15 4.3 11.33 19.93 14.36 3.83 14.15 21.26 0.0 14.2 22.83 12.43 13.78 3.67 16.78 12.01 10.88 16.48 4.27 19.92 12.22 14.15 23.75 16.38 18.02 10.07 28.34 13.95 20.5 19.11 21.61 10.7 4.36 18.53 13.05 29.33 19.0 12.0 6.64 11.08 13.61 15.55 12.34 25.91 18.74 29.34
16.87 12.28 20.14 23.67 8.95 10.65 3.11 27.61 22.04 12.16 21.83 26.07 14.2 0.0 26.06 5.0 6.35 13.93 18.71 8.97 7.51 2.47 10.82 5.93 8.15 6.12 22.47 3.34 5.93 4.86 18.65 21.62 23.88 5.12 15.79 4.33 10.6 4.54 20.72 15.73 23.99 2.38 11.08 7.78 8.86 1.54 4.91 15.24 7.13 15.75
18.89 24.05 6.21 5.11 32.09 23.05 23.18 8.0 10.92 22.58 10.75 2.32 22.83 26.06 0.0 24.46 25.8 22.99 8.46 28.3 26.84 28.33 23.03 29.62 27.73 29.66 5.39 27.18 30.58 24.32 15.38 10.55 2.75 29.77 16.65 23.78 23.12 29.18 10.23 19.56 4.33 23.85 18.03 27.11 29.55 27.4 24.36 17.95 32.19 19.58
15.26 10.34 18.54 23.95 10.37 8.7 2.12 25.99 20.42 10.22 20.22 24.47 12.43 5.0 24.46 0.0 1.49 12.14 17.11 7.0 5.54 5.45 8.88 7.88 6.31 7.54 22.75 7.17 7.83 2.89 20.6 20.01 22.28 7.07 17.74 2.36 8.65 6.48 19.11 17.68 22.38 2.8 9.39 5.81 8.13 6.34 0.3 17.19 8.55 17.7
16.61 11.68 19.89 25.3 9.05 10.05 3.47 27.34 21.77 11.56 21.56 25.82 13.78 6.35 25.8 1.49 0.0 13.48 18.46 8.34 6.89 4.13 10.23 6.56 7.65 6.22 24.1 8.52 6.51 4.24 19.27 21.36 23.63 5.75 16.42 3.7 10.0 5.16 20.46 16.35 23.73 4.15 10.74 7.16 8.95 5.14 1.64 15.86 7.23 16.37
7.65 4.6 17.93 24.67 15.66 3.81 11.05 20.08 14.51 3.34 14.31 21.42 3.67 13.93 22.99 12.14 13.48 0.0 16.5 11.52 10.4 16.2 3.78 19.51 11.76 13.69 23.47 16.1 17.56 9.61 28.06 14.1 20.65 18.7 21.33 10.24 3.87 18.12 13.2 29.05 19.16 11.72 6.37 10.59 13.12 15.27 12.04 25.63 18.28 29.07
14.6 17.06 2.54 8.39 24.75 15.8 15.84 11.13 10.6 15.33 10.43 8.47 16.78 18.71 8.46 17.11 18.46 16.5 0.0 20.95 19.5 20.99 15.77 22.72 20.39 22.32 7.19 19.54 23.68 16.97 11.78 10.22 6.28 22.86 9.74 16.44 15.87 22.28 9.65 14.92 7.13 16.51 10.69 19.77 22.21 20.06 17.02 13.05 25.29 14.93
15.8 7.26 22.38 27.92 6.24 8.42 6.09 27.86 22.29 8.46 22.09 28.31 12.01 8.97 28.3 7.0 8.34 11.52 20.95 0.0 2.05 11.24 8.59 14.37 6.62 8.55 26.72 11.14 12.42 4.47 27.0 21.88 26.12 13.56 23.1 5.11 8.37 12.98 20.98 24.0 26.22 6.77 12.47 1.75 7.18 10.31 6.9 23.58 13.14 24.02
14.68 6.62 20.93 26.46 8.1 6.96 4.63 26.74 21.17 7.83 20.96 26.86 10.88 7.51 26.84 5.54 6.89 10.4 19.5 2.05 0.0 9.78 7.14 12.92 5.17 7.1 25.26 9.68 10.96 3.01 25.54 20.76 24.66 12.11 21.65 3.65 6.91 11.52 19.86 22.55 24.77 5.31 11.01 0.86 6.53 8.85 5.45 22.13 11.68 22.57
19.14 14.55 22.41 25.58 6.69 12.92 5.39 29.88 24.31 14.43 24.1 28.34 16.48 2.47 28.33 5.45 4.13 16.2 20.99 11.24 9.78 0.0 13.1 3.67 5.89 3.86 24.38 5.62 3.67 7.13 16.39 23.9 26.15 2.86 13.53 6.6 12.87 2.27 23.0 13.47 26.26 4.66 13.35 10.06 6.6 1.21 5.61 12.97 4.87 13.48
8.06 2.99 17.2 23.94 12.41 0.55 7.95 20.12 14.55 1.86 14.35 21.46 4.27 10.82 23.03 8.88 10.23 3.78 15.77 8.59 7.14 13.1 0.0 16.26 8.5 10.43 22.74 13.0 14.3 6.35 27.34 14.14 20.69 15.45 20.6 6.99 0.61 14.86 13.24 25.89 19.2 8.62 5.5 7.41 9.87 12.17 8.78 24.91 15.02 25.91
21.56 17.71 24.45 25.73 8.72 16.08 8.85 32.26 26.69 17.59 26.48 29.64 19.92 5.93 29.62 7.88 6.56 19.51 22.72 14.37 12.92 3.67 16.26 0.0 8.17 6.14 24.53 9.08 3.27 10.58 16.53 26.28 28.18 2.45 13.68 10.05 16.03 1.55 25.38 13.03 28.29 8.12 16.8 13.19 8.62 4.68 8.04 13.12 4.44 13.05
15.86 9.96 21.82 27.23 7.47 8.33 5.4 27.92 22.35 9.84 22.14 27.75 12.22 8.15 27.73 6.31 7.65 11.76 20.39 6.62 5.17 5.89 8.5 8.17 0.0 2.35 26.03 10.45 6.22 3.78 20.89 21.93 25.56 7.36 18.03 4.42 8.28 6.78 21.04 17.8 25.66 6.08 11.98 5.44 7.37 6.9 6.21 17.48 6.93 17.82
17.79 11.89 23.75 28.05 5.44 10.26 7.33 29.85 24.28 11.77 24.07 29.68 14.15 6.12 29.66 7.54 6.22 13.69 22.32 8.55 7.1 3.86 10.43 6.14 2.35 0.0 26.85 9.27 4.19 5.71 18.86 23.86 27.48 5.33 16.01 6.35 10.21 4.75 22.96 15.77 27.59 8.01 13.91 7.37 5.34 4.87 7.7 15.45 4.91 15.79
21.56 24.03 9.14 1.42 29.43 22.77 21.33 11.49 14.41 22.3 14.24 5.8 23.75 22.47 5.39 22.75 24.1 23.47 7.19 26.72 25.26 24.38 22.74 24.53 26.03 26.85 0.0 23.01 25.48 22.61 10.21 14.04 6.24 24.67 11.55 22.08 22.83 24.08 13.71 14.42 7.82 22.01 17.66 25.53 27.85 23.81 22.66 12.85 27.09 14.44
18.23 14.45 21.27 24.21 12.1 12.82 5.29 28.97 23.4 14.33 23.19 27.2 16.38 3.34 27.18 7.17 8.52 16.1 19.54 11.14 9.68 5.62 13.0 9.08 10.45 9.27 23.01 0.0 9.08 7.03 19.98 22.98 25.0 8.27 17.13 6.5 12.77 7.68 22.09 17.08 25.11 4.56 13.25 9.96 12.01 4.68 7.08 16.57 10.28 17.1
21.65 15.76 25.4 26.68 6.77 14.13 8.85 33.22 27.65 15.64 27.44 30.6 18.02 5.93 30.58 7.83 6.51 17.56 23.68 12.42 10.96 3.67 14.3 3.27 6.22 4.19 25.48 9.08 0.0 9.58 17.49 27.23 29.14 1.77 14.63 10.05 14.08 1.87 26.33 13.99 29.25 8.12 16.8 11.23 6.67 4.68 7.99 14.08 3.21 14.01
13.7 7.81 18.4 23.81 8.14 6.17 1.98 25.76 20.19 7.69 19.99 24.33 10.07 4.86 24.32 2.89 4.24 9.61 16.97 4.47 3.01 7.13 6.35 10.58 3.78 5.71 22.61 7.03 9.58 0.0 22.89 19.78 22.14 9.77 19.0 1.0 6.12 9.19 18.88 19.98 22.24 2.66 9.25 3.28 5.6 6.2 2.8 19.48 10.29 20.0
26.16 28.62 13.73 11.41 21.44 27.36 21.38 21.3 21.79 26.9 21.62 15.76 28.34 18.65 15.38 20.6 19.27 28.06 11.78 27.0 25.54 16.39 27.34 16.53 20.89 18.86 10.21 19.98 17.49 22.89 0.0 21.41 15.9 16.67 11.46 22.36 27.43 16.09 20.84 5.24 17.3 20.65 22.25 25.81 21.34 17.4 20.76 7.54 19.1 5.26
10.0 15.17 10.07 13.75 26.02 14.17 18.75 6.45 0.88 13.7 0.67 8.98 13.95 21.62 10.55 20.01 21.36 14.1 10.22 21.88 20.76 23.9 14.14 26.28 21.93 23.86 14.04 22.98 27.23 19.78 21.41 0.0 8.21 26.42 17.72 19.34 14.23 25.84 1.34 24.55 6.72 19.42 12.23 20.95 23.48 22.96 19.92 22.03 28.43 24.56
16.55 21.72 4.03 5.95 29.91 20.72 21.0 5.67 8.59 20.25 8.42 2.66 20.5 23.88 2.75 22.28 23.63 20.65 6.28 26.12 24.66 26.15 20.69 28.18 25.56 27.48 6.24 25.0 29.14 22.14 15.9 8.21 0.0 28.33 15.21 21.61 20.78 27.74 7.89 19.68 1.99 21.68 15.85 24.93 27.38 25.22 22.18 18.06 30.69 19.7
21.7 16.9 24.59 25.87 7.91 15.27 8.04 32.4 26.83 16.78 26.63 29.78 19.11 5.12 29.77 7.07 5.75 18.7 22.86 13.56 12.11 2.86 15.45 2.45 7.36 5.33 24.67 8.27 1.77 9.77 16.67 26.42 28.33 0.0 13.82 9.24 15.22 1.06 25.52 13.18 28.43 7.31 15.99 12.38 7.81 3.87 7.23 13.26 4.64 13.2
19.42 21.89 11.47 12.75 18.58 20.63 17.72 19.32 18.09 20.16 17.93 16.66 21.61 15.79 16.65 17.74 16.42 21.33 9.74 23.1 21.65 13.53 20.6 13.68 18.03 16.01 11.55 17.13 14.63 19.0 11.46 17.72 15.21 13.82 0.0 18.46 20.69 13.24 17.15 8.69 15.31 17.8 15.52 21.92 18.49 14.54 17.9 4.58 16.25 8.71
14.34 8.45 17.87 23.28 8.77 6.81 1.45 25.32 19.75 8.32 19.55 23.8 10.7 4.33 23.78 2.36 3.7 10.24 16.44 5.11 3.65 6.6 6.99 10.05 4.42 6.35 22.08 6.5 10.05 1.0 22.36 19.34 21.61 9.24 18.46 0.0 6.76 8.66 18.44 19.45 21.71 2.13 8.72 3.92 6.24 5.67 2.26 18.95 10.77 19.47
8.15 2.76 17.29 24.03 12.18 0.44 7.72 20.21 14.64 1.95 14.44 21.55 4.36 10.6 23.12 8.65 10.0 3.87 15.87 8.37 6.91 12.87 0.61 16.03 8.28 10.21 22.83 12.77 14.08 6.12 27.43 14.23 20.78 15.22 20.69 6.76 0.0 14.64 13.33 25.66 19.29 8.4 5.59 7.18 9.64 11.94 8.56 25.0 14.8 25.68
21.12 16.32 24.01 25.28 7.33 14.69 7.45 31.82 26.25 16.2 26.04 29.2 18.53 4.54 29.18 6.48 5.16 18.12 22.28 12.98 11.52 2.27 14.86 1.55 6.78 4.75 24.08 7.68 1.87 9.19 16.09 25.84 27.74 1.06 13.24 8.66 14.64 0.0 24.94 12.59 27.85 6.72 15.41 11.79 7.23 3.28 6.64 12.68 4.43 12.61
9.1 14.27 9.5 13.43 25.12 13.27 17.85 7.32 1.75 12.8 1.55 8.66 13.05 20.72 10.23 19.11 20.46 13.2 9.65 20.98 19.86 23.0 13.24 25.38 21.04 22.96 13.71 22.09 26.33 18.88 20.84 1.34 7.89 25.52 17.15 18.44 13.33 24.94 0.0 23.97 6.4 18.52 11.33 20.05 22.59 22.07 19.02 21.45 27.53 23.99
27.72 27.35 16.86 15.62 18.35 25.71 18.48 25.08 24.92 27.22 24.75 19.58 29.33 15.73 19.56 17.68 16.35 29.05 14.92 24.0 22.55 13.47 25.89 13.03 17.8 15.77 14.42 17.08 13.99 19.98 5.24 24.55 19.68 13.18 8.69 19.45 25.66 12.59 23.97 0.0 21.08 17.75 23.81 22.82 18.25 14.47 17.83 4.87 15.6 0.21
15.06 20.22 5.32 7.53 30.02 19.22 21.11 4.18 7.09 18.76 6.93 2.76 19.0 23.99 4.33 22.38 23.73 19.16 7.13 26.22 24.77 26.26 19.2 28.29 25.66 27.59 7.82 25.11 29.25 22.24 17.3 6.72 1.99 28.43 15.31 21.71 19.29 27.85 6.4 21.08 0.0 21.78 15.96 25.04 27.48 25.33 22.29 19.46 30.8 21.1
14.67 10.08 17.94 23.21 10.44 8.45 0.88 25.4 19.83 9.96 19.63 23.87 12.0 2.38 23.85 2.8 4.15 11.72 16.51 6.77 5.31 4.66 8.62 8.12 6.08 8.01 22.01 4.56 8.12 2.66 20.65 19.42 21.68 7.31 17.8 2.13 8.4 6.72 18.52 17.75 21.78 0.0 8.88 5.58 7.9 3.73 2.71 17.24 9.32 17.77
7.14 6.79 12.12 18.86 16.28 5.53 8.2 18.21 12.64 5.06 12.43 18.05 6.64 11.08 18.03 9.39 10.74 6.37 10.69 12.47 11.01 13.35 5.5 16.8 11.98 13.91 17.66 13.25 16.8 9.25 22.25 12.23 15.85 15.99 15.52 8.72 5.59 15.41 11.33 23.81 15.96 8.88 0.0 11.29 13.74 12.42 9.3 19.82 17.8 23.83
14.87 6.33 21.2 26.73 7.81 7.23 4.9 26.93 21.36 7.53 21.16 27.13 11.08 7.78 27.11 5.81 7.16 10.59 19.77 1.75 0.86 10.06 7.41 13.19 5.44 7.37 25.53 9.96 11.23 3.28 25.81 20.95 24.93 12.38 21.92 3.92 7.18 11.79 20.05 22.82 25.04 5.58 11.29 0.0 6.8 9.12 5.72 22.4 11.95 22.84
17.41 11.33 23.64 29.05 3.15 9.69 7.22 29.47 23.9 11.2 23.69 29.57 13.61 8.86 29.55 8.13 8.95 13.12 22.21 7.18 6.53 6.6 9.87 8.62 7.37 5.34 27.85 12.01 6.67 5.6 21.34 23.48 27.38 7.81 18.49 6.24 9.64 7.23 22.59 18.25 27.48 7.9 13.74 6.8 0.0 7.6 8.03 17.93 7.39 18.27
18.21 13.62 21.48 25.01 7.7 11.99 4.45 28.95 23.38 13.5 23.17 27.41 15.55 1.54 27.4 6.34 5.14 15.27 20.06 10.31 8.85 1.21 12.17 4.68 6.9 4.87 23.81 4.68 4.68 6.2 17.4 22.96 25.22 3.87 14.54 5.67 11.94 3.28 22.07 14.47 25.33 3.73 12.42 9.12 7.6 0.0 6.25 13.98 5.88 14.49
15.17 10.24 18.45 23.86 10.53 8.61 2.03 25.9 20.33 10.12 20.12 24.38 12.34 4.91 24.36 0.3 1.64 12.04 17.02 6.9 5.45 5.61 8.78 8.04 6.21 7.7 22.66 7.08 7.99 2.8 20.76 19.92 22.18 7.23 17.9 2.26 8.56 6.64 19.02 17.83 22.29 2.71 9.3 5.72 8.03 6.25 0.0 17.34 8.71 17.85
23.73 26.19 15.0 14.05 18.03 24.93 17.97 23.46 22.4 24.47 22.23 17.97 25.91 15.24 17.95 17.19 15.86 25.63 13.05 23.58 22.13 12.97 24.91 13.12 17.48 15.45 12.85 16.57 14.08 19.48 7.54 22.03 18.06 13.26 4.58 18.95 25.0 12.68 21.45 4.87 19.46 17.24 19.82 22.4 17.93 13.98 17.34 0.0 15.69 4.89
22.37 16.48 26.95 28.29 7.48 14.84 10.05 34.41 28.84 16.36 28.63 32.21 18.74 7.13 32.19 8.55 7.23 18.28 25.29 13.14 11.68 4.87 15.02 4.44 6.93 4.91 27.09 10.28 3.21 10.29 19.1 28.43 30.69 4.64 16.25 10.77 14.8 4.43 27.53 15.6 30.8 9.32 17.8 11.95 7.39 5.88 8.71 15.69 0.0 15.62
27.74 27.36 16.88 15.64 18.37 25.73 18.49 25.1 24.94 27.24 24.77 19.6 29.34 15.75 19.58 17.7 16.37 29.07 14.93 24.02 22.57 13.48 25.91 13.05 17.82 15.79 14.44 17.1 14.01 20.0 5.26 24.56 19.7 13.2 8.71 19.47 25.68 12.61 23.99 0.21 21.1 17.77 23.83 22.84 18.27 14.49 17.85 4.89 15.62 0.0
